140.2584
140.4108
140.5632
140.7156
140.868
141.0204
141.1728
141.3252
141.4776
141.63
141.7824
141.9348
142.0872
142.2396
142.392
142.5444
142.6968
142.8492
143.0016
143.154
143.3064
143.4588
143.6112
143.7636
143.916
144.0684
144.2208
144.3732
144.5256
144.678
144.8304
144.9828
145.1352
145.2876
145.44
145.5924
145.7448
145.8972
146.0496
146.202
146.3544
146.5068
146.6592
146.8116
146.964
147.1164
147.2688
147.4212
147.5736
147.726
147.8784
148.0308
148.1832
148.3356
148.488
148.6404
148.7928
148.9452
149.0976
149.25
149.4024
149.5548
149.7072
149.8596
150.012
150.1644
150.3168
150.4692
150.6216
150.774
150.9264
151.0788
151.2312
151.3836
151.536
151.6884
151.8408
151.9932
152.1456
152.298
152.4504
152.6028
152.7552
152.9076
153.06
153.2124
153.3648
153.5172
153.6696
153.822
153.9744
154.584
155.1936
155.346
155.9556
156.108
156.2604
156.87
158.0892
158.2416
159.3084
160.5276
160.68
161.5944
161.7468
161.8992
162.0516
162.8136
162.966
163.1184
163.2708
163.4232
163.5756
164.1852
164.3376
164.49
164.6424
164.7948
164.9472
165.0996
165.252
165.4044
165.5568
165.7092
165.8616
166.014
166.1664
166.3188
166.4712
166.6236
166.776
166.9284
167.0808
167.2332
167.3856
167.538
167.6904
167.8428
167.9952
168.1476
168.3
168.4524
168.6048
168.7572
168.9096
169.062
169.2144
169.3668
169.5192
169.6716
169.824
169.9764
170.1288
170.2812
170.4336
170.586
170.7384
170.8908
171.0432
171.1956
171.348
171.5004
171.6528
171.8052
171.9576
172.11
172.2624
172.872
173.0244
173.1768
173.3292
173.4816
173.634
173.7864
173.9388
174.0912
174.2436
174.396
174.5484
174.7008
174.8532
175.0056
175.158
175.3104
175.4628
175.6152
175.7676
175.92
176.0724
176.2248
176.3772
176.5296
177.1392
177.2916
177.444
177.5964
177.7488
177.9012
178.0536
178.206
178.3584
178.5108
178.6632
178.8156
178.968
179.1204
179.2728
179.4252
179.5776
179.73
179.8824
180.0348
180.1872
180.3396
180.492
180.6444
180.7968
180.9492
181.1016
181.254
181.4064
181.5588
181.7112
181.8636
182.3208
182.4732
182.9304
183.0828
183.2352
183.6924
183.8448
183.9972
184.1496
184.6068
185.064
185.6736
186.4356
186.588
186.7404
186.8928
187.0452
187.1976
187.8072
188.4168
188.5692
189.7884
189.9408
190.398
190.5504
190.7028
190.8552
191.0076
191.16
191.6172
191.7696
191.922
192.0744
192.2268
192.3792
192.5316
192.684
194.97
195.4272
195.5796
195.732
195.8844
196.0368
196.1892
196.3416
196.494
196.6464
196.7988
196.9512
197.1036
197.256
197.7132
197.8656
198.78
198.9324
199.0848
199.542
199.6944
199.8468
199.9992
200.1516
200.304
200.4564
200.6088
200.7612
201.2184
201.3708
201.828
202.2852
202.4376
203.352
203.5044
203.9616
204.4188
204.5712
204.7236
204.876
205.0284
205.4856
205.638
205.7904
205.9428
206.0952
206.2476
206.4
206.5524
206.7048
206.8572
207.0096
207.162
207.3144
207.4668
207.6192
208.0764
208.2288
208.686
208.8384
209.2956
209.448
209.6004
210.0576
210.21
210.972
211.4292
211.5816
211.734
211.8864
212.0388
212.1912
212.3436
212.8008
212.9532
213.1056
213.258
213.4104
213.5628
213.7152
213.8676
214.02
214.1724
214.3248
214.4772
214.6296
214.782
214.9344
215.0868
215.2392
215.3916
215.544
215.6964
215.8488
216.0012
216.1536
216.6108
216.7632
216.9156
217.5252
217.6776
217.83
217.9824
218.1348
218.2872
218.4396
218.592
218.7444
218.8968
219.0492
219.2016
219.354
219.5064
219.6588
219.8112
219.9636
220.116
220.2684
220.4208
220.5732
220.7256
220.878
221.0304
221.1828
221.3352
221.4876
221.64
222.402
222.5544
222.7068
223.7736
223.926
224.0784
224.2308
224.688
225.1452
225.6024
225.7548
225.9072
226.0596
226.212
226.3644
226.5168
226.974
227.736
228.1932
228.3456
228.8028
228.9552
229.1076
229.26
229.4124
229.5648
229.7172
229.8696
230.022
230.1744
230.6316
230.784
230.9364
231.3936
231.546
231.6984
231.8508
233.07
233.2224
233.6796
234.4416
234.594
234.7464
234.8988
235.356
235.5084
235.6608
236.118
236.2704
236.88
237.0324
237.7944
237.9468
238.0992
238.2516
238.404
238.5564
238.7088
238.8612
239.3184
239.4708
239.928
240.0804
240.2328
240.3852
240.5376
241.2996
241.7568
241.9092
242.3664
243.2808
243.4332
243.5856
243.738
243.8904
244.0428
245.1096
245.262
245.4144
246.4812
246.6336
246.786
247.548
247.7004
248.1576
252.4248
252.5772
252.7296
252.882
253.0344
253.1868
253.3392
253.4916
253.644
253.7964
253.9488
254.1012
254.2536
254.406
254.5584
254.7108
254.8632
255.0156
255.168
255.3204
255.4728
255.6252
255.7776
255.93
256.0824
256.2348
256.3872
256.5396
256.692
256.8444
256.9968
257.1492
257.3016
257.454
257.6064
257.7588
257.9112
258.0636
258.216
258.3684
258.5208
258.6732
258.8256
258.978
259.1304
259.2828
259.4352
259.5876
259.74
259.8924
260.0448
260.1972
260.3496
260.502
260.6544
260.8068
260.9592
261.1116
261.264
261.8736
262.026
262.1784
262.3308
262.4832
262.6356
262.788
262.9404
263.0928
263.2452
263.3976
263.55
263.7024
263.8548
264.0072
264.1596
264.312
264.4644
264.6168
264.7692
264.9216
265.074
265.2264
265.3788
265.5312
265.6836
265.836
265.9884
266.1408
266.2932
266.4456
266.598
266.7504
266.9028
267.0552
267.2076
267.36
267.5124
267.6648
267.8172
267.9696
268.122
268.2744
268.4268
268.5792
268.7316
268.884
269.0364
269.1888
269.3412
269.4936
269.646
269.7984
269.9508
270.1032
270.2556
270.408
270.5604
270.7128
270.8652
271.0176
271.17
271.3224
271.4748
271.6272
271.7796
271.932
272.0844
272.2368
272.3892
272.5416
272.694
272.8464
272.9988
273.1512
273.3036
273.456
273.6084
273.7608
273.9132
274.0656
274.218
274.3704
274.5228
274.6752
274.8276
274.98
275.1324
275.2848
275.4372
275.5896
275.742
275.8944
276.0468
276.1992
276.3516
276.504
276.6564
276.8088
276.9612
277.1136
277.266
277.4184
277.5708
277.7232
277.8756
278.028
278.1804
278.3328
278.4852
278.6376
278.79
278.9424
279.0948
279.2472
279.3996
279.552
279.7044
279.8568
280.0092
280.1616
280.314
280.4664
280.6188
280.7712
280.9236
281.076
281.2284
281.3808
281.5332
281.6856
281.838
281.9904
282.1428
282.2952
282.4476
282.6
282.7524
282.9048
283.0572
283.2096
283.362
283.5144
283.6668
283.8192
283.9716
284.124
284.2764
284.4288
284.5812
284.7336
284.886
285.0384
285.1908
285.3432
285.4956
285.648
285.8004
285.9528
286.1052
286.2576
286.41
286.5624
286.7148
286.8672
287.0196
287.172
287.3244
287.4768
287.6292
287.7816
287.934
288.0864
288.2388
288.3912
288.5436
288.696
288.8484
289.0008
289.1532
289.3056
289.458
289.6104
289.7628
289.9152
290.0676
290.22
290.3724
290.5248
290.6772
290.8296
290.982
291.1344
291.2868
291.4392
291.5916
291.744
291.8964
292.0488
292.2012
292.3536
292.506
292.6584
292.8108
292.9632
293.1156
293.268
293.4204
293.5728
293.7252
293.8776
294.03
294.1824
294.3348
294.4872
294.6396
294.792
294.9444
295.0968
295.2492
295.4016
295.554
295.7064
295.8588
296.0112
296.1636
296.316
296.4684
296.6208
296.7732
296.9256
297.078
297.2304
297.3828
297.5352
297.6876
297.84
297.9924
298.1448
298.2972
298.4496
298.602
298.7544
298.9068
299.0592
299.2116
299.364
299.5164
299.6688
299.8212
299.9736
300.126
300.2784
300.4308
300.5832
300.7356
300.888
301.0404
301.1928
301.3452
301.4976
301.65
301.8024
301.9548
302.1072
302.2596
302.412
302.5644
302.7168
302.8692
303.0216
303.174
303.3264
303.4788
303.6312
303.7836
303.936
304.0884
304.2408
304.3932
304.5456
304.698
304.8504
305.0028
305.1552
305.3076
305.46
305.6124
305.7648
305.9172
306.0696
306.222
306.3744
306.5268
306.6792
306.8316
306.984
307.1364
307.2888
307.4412
307.5936
307.746
307.8984
308.0508
308.2032
308.3556
308.508
308.6604
308.8128
308.9652
309.1176
309.27
309.4224
309.5748
309.7272
309.8796
310.032
310.1844
310.3368
310.4892
310.6416
310.794
310.9464
311.0988
311.2512
311.4036
311.556
311.7084
311.8608
312.0132
312.1656
312.318
312.4704
312.6228
312.7752
312.9276
313.08
313.2324
313.3848
313.5372
313.6896
313.842
313.9944
314.1468
314.2992
314.4516
314.604
314.7564
315.6708
315.8232
315.9756
316.128
316.2804
316.4328
316.5852
316.7376
316.89
317.0424
317.1948
317.3472
318.2616
318.414
318.5664
318.7188
318.8712
319.0236
319.176
319.3284
319.4808
319.6332
319.7856
319.938
320.0904
320.2428
320.3952
320.5476
320.7
320.8524
321.0048
321.1572
321.3096
321.462
321.6144
321.7668
321.9192
322.0716
322.224
322.3764
322.5288
322.6812
322.8336
322.986
323.1384
323.2908
323.4432
323.5956
323.748
323.9004
324.0528
324.2052
324.3576
324.51
324.6624
324.8148
324.9672
325.1196
325.272
325.8816
326.034
326.1864
326.796
326.9484
327.1008
327.2532
327.4056
327.558
327.7104
327.8628
328.0152
328.1676
328.32
328.4724
328.6248
328.7772
328.9296
329.082
329.2344
329.3868
329.5392
329.6916
329.844
329.9964
330.1488
330.3012
330.4536
330.606
330.7584
330.9108
331.0632
331.2156
331.368
331.5204
331.6728
331.8252
331.9776
332.13
332.2824
332.4348
332.5872
332.7396
332.892
333.0444
333.1968
333.3492
333.5016
333.654
333.8064
333.9588
334.1112
334.2636
334.8732
335.0256
335.178
335.3304
335.4828
335.6352
335.7876
335.94
336.0924
336.2448
336.3972
336.5496
336.702
336.8544
337.0068
337.1592
337.3116
337.464
337.6164
337.7688
337.9212
338.0736
338.226
338.3784
338.5308
338.6832
338.8356
338.988
339.1404
339.2928
339.4452
339.5976
339.75
339.9024
340.0548
340.2072
340.3596
340.512
340.6644
340.8168
341.4264
341.5788
341.7312
341.8836
342.036
342.1884
342.3408
342.4932
342.6456
342.798
342.9504
343.1028
343.2552
343.4076
343.56
343.7124
343.8648
344.0172
344.6268
344.7792
344.9316
345.084
345.2364
345.3888
345.5412
345.6936
345.846
345.9984
346.1508
346.3032
346.4556
346.608
346.7604
346.9128
347.0652
347.2176
347.37
347.5224
347.6748
347.8272
347.9796
348.132
348.2844
348.4368
348.5892
348.7416
348.894
349.0464
349.1988
349.656
350.1132
350.2656
350.418
350.5704
350.7228
350.8752
351.0276
351.18
351.3324
351.4848
351.6372
351.7896
351.942
352.0944
352.2468
352.3992
352.5516
352.704
352.8564
353.0088
353.1612
353.3136
353.466
353.6184
354.3804
354.5328
354.6852
354.8376
354.99
355.1424
355.2948
355.4472
355.5996
355.752
356.2092
356.3616
356.514
356.6664
356.8188
356.9712
357.1236
357.276
357.4284
357.5808
357.7332
358.1904
358.3428
358.4952
358.6476
359.2572
359.4096
359.562
359.7144
359.8668
360.0192
360.1716
360.324
360.4764
360.6288
360.7812
360.9336
362.0004
362.1528
362.3052
362.4576
362.61
362.7624
362.9148
363.0672
363.2196
363.372
363.5244
363.6768
363.8292
363.9816
364.134
364.2864
364.4388
364.5912
364.7436
364.896
365.0484
365.2008
365.3532
365.5056
365.658
365.8104
365.9628
366.1152
366.2676
366.42
366.5724
366.7248
366.8772
367.0296
367.7916
367.944
368.0964
368.2488
368.4012
368.5536
368.706
369.1632
369.3156
369.468
369.6204
369.7728
369.9252
370.0776
370.5348
370.6872
370.8396
370.992
371.1444
371.2968
371.4492
371.6016
371.754
371.9064
372.0588
372.2112
372.3636
372.8208
372.9732
373.4304
373.5828
373.7352
373.8876
374.04
374.1924
374.3448
374.4972
374.6496
374.802
374.9544
375.1068
375.2592
375.4116
375.564
375.7164
375.8688
376.0212
376.1736
376.326
376.4784
376.6308
377.088
377.5452
377.6976
377.85
378.0024
378.1548
378.3072
378.4596
378.612
378.7644
378.9168
379.0692
379.2216
379.374
379.5264
379.6788
379.8312
379.9836
380.136
380.2884
380.4408
380.5932
380.7456
380.898
381.0504
381.9648
382.1172
382.5744
382.7268
382.8792
383.0316
383.184
383.946
384.0984
384.2508
384.708
384.8604
385.0128
385.1652
385.3176
385.47
385.9272
386.0796
386.232
386.3844
386.5368
386.6892
386.8416
386.994
387.1464
387.2988
387.4512
387.6036
387.756
387.9084
388.0608
388.518
389.1276
389.28
389.4324
389.8896
390.042
390.1944
390.3468
390.4992
390.6516
390.804
390.9564
391.1088
391.2612
391.4136
391.566
392.0232
392.9376
393.09
393.5472
393.6996
393.852
394.0044
394.1568
394.3092
394.4616
394.614
394.7664
394.9188
395.0712
395.2236
395.376
395.5284
395.6808
395.8332
395.9856
396.138
396.2904
396.4428
396.5952
396.7476
397.2048
397.3572
397.5096
397.662
398.5764
398.7288
398.8812
399.0336
399.186
399.3384
399.4908
399.6432
399.7956
399.948
400.4052
400.5576
400.71
400.8624
401.0148
401.1672
401.3196
401.472
401.6244
401.7768
401.9292
402.0816
402.234
402.3864
402.5388
402.6912
402.8436
402.996
403.1484
403.3008
403.4532
403.6056
403.758
403.9104
404.0628
404.2152
404.3676
404.52
404.6724
404.8248
404.9772
405.1296
405.282
405.4344
405.5868
405.7392
405.8916
406.044
406.1964
406.3488
406.5012
406.6536
406.806
406.9584
407.1108
407.2632
407.4156
407.568
407.7204
407.8728
408.0252
408.1776
408.33
408.4824
408.6348
408.7872
408.9396
409.092
409.2444
409.3968
409.5492
409.7016
409.854
410.0064
410.1588
410.3112
410.4636
410.616
410.7684
410.9208
411.0732
411.2256
411.378
411.5304
411.6828
411.8352
411.9876
412.14
412.5972
412.7496
412.902
413.0544
413.2068
413.3592
413.5116
413.664
413.8164
413.9688
414.1212
414.2736
414.426
414.5784
414.7308
414.8832
415.0356
415.188
415.3404
415.4928
415.6452
415.7976
415.95
416.1024
416.2548
416.712
416.8644
417.0168
417.1692
417.3216
417.474
417.6264
417.7788
417.9312
418.0836
418.236
418.3884
418.5408
418.6932
418.8456
418.998
419.1504
419.3028
419.4552
419.6076
419.76
419.9124
420.0648
420.2172
420.3696
420.522
420.6744
420.8268
420.9792
421.1316
421.284
421.4364
421.5888
421.7412
421.8936
422.046
422.1984
422.3508
422.5032
422.6556
422.808
422.9604
423.1128
423.2652
423.4176
423.57
423.7224
423.8748
424.0272
424.1796
424.332
424.9416
425.094
425.2464
425.3988
425.5512
425.7036
425.856
426.0084
426.1608
426.3132
426.4656
427.0752
427.2276
427.8372
427.9896
428.142
428.2944
428.4468
428.5992
428.7516
428.904
429.0564
429.2088
429.3612
429.5136
429.666
429.8184
430.2756
430.428
430.5804
430.7328
430.8852
431.4948
431.6472
431.7996
431.952
432.1044
432.2568
432.4092
432.5616
432.714
432.8664
433.0188
433.1712
433.3236
433.476
433.6284
433.7808
433.9332
434.0856
434.238
434.3904
434.5428
434.6952
434.8476
435.3048
435.4572
435.6096
435.762
435.9144
436.0668
436.2192
436.3716
436.524
436.6764
436.8288
436.9812
437.1336
437.286
437.4384
437.5908
437.7432
437.8956
438.048
438.2004
438.3528
438.5052
438.6576
438.81
438.9624
439.1148
439.2672
439.4196
439.572
439.7244
439.8768
440.0292
440.1816
440.334
440.4864
440.6388
440.7912
440.9436
441.096
441.2484
441.4008
441.5532
441.7056
441.858
442.3152
442.4676
442.62
443.0772
443.2296
443.382
443.5344
443.6868
443.8392
443.9916
444.144
444.2964
444.4488
444.6012
444.7536
444.906
445.0584
445.2108
445.3632
445.5156
445.668
445.8204
445.9728
446.1252
446.2776
446.43
446.5824
446.7348
446.8872
447.0396
447.192
447.3444
447.4968
447.6492
447.8016
447.954
448.1064
448.2588
448.4112
448.5636
448.716
449.1732
449.3256
449.478
449.6304
449.7828
449.9352
450.0876
450.24
450.3924
450.5448
450.6972
450.8496
451.002
451.1544
451.3068
451.4592
451.6116
452.0688
452.6784
452.8308
453.288
453.4404
453.5928
453.7452
453.8976
454.05
454.2024
454.3548
454.5072
454.6596
454.812
454.9644
455.1168
455.2692
455.4216
455.574
455.7264
455.8788
456.0312
456.1836
456.336
456.4884
456.6408
456.7932
456.9456
457.098
457.2504
457.4028
457.5552
457.7076
457.86
458.0124
458.1648
458.3172
458.4696
458.622
458.7744
458.9268
459.0792
459.2316
459.384
459.5364
459.6888
459.8412
459.9936
460.146
460.2984
460.4508
460.6032
460.7556
461.3652
461.5176
461.67
461.8224
461.9748
462.1272
462.7368
463.3464
463.4988
464.1084
464.2608
464.4132
464.5656
464.718
464.8704
465.0228
465.48
465.6324
465.7848
465.9372
466.0896
466.242
466.3944
466.5468
467.004
467.1564
467.3088
467.4612
467.6136
467.766
467.9184
468.0708
468.2232
468.3756
468.528
468.6804
468.8328
468.9852
469.1376
469.29
469.4424
469.5948
469.7472
469.8996
470.3568
470.5092
470.6616
470.814
470.9664
471.1188
471.2712
471.4236
471.576
471.7284
471.8808
472.0332
472.1856
472.338
472.4904
472.6428
472.7952
472.9476
473.1
473.2524
473.4048
473.5572
473.7096
473.862
474.0144
474.1668
474.3192
474.4716
474.624
474.7764
474.9288
475.0812
475.2336
475.386
475.5384
475.6908
475.8432
475.9956
476.148
476.3004
476.4528
476.6052
476.7576
477.2148
477.3672
477.5196
477.672
477.8244
477.9768
478.1292
478.2816
479.196
479.3484
479.5008
479.6532
479.8056
479.958
480.1104
480.2628
480.4152
480.5676
480.72
480.8724
481.0248
481.1772
481.3296
481.482
481.6344
481.7868
481.9392
482.0916
482.244
482.3964
482.5488
482.7012
482.8536
483.006
483.1584
483.3108
483.4632
483.6156
483.768
483.9204
484.0728
484.2252
484.3776
484.53
484.6824
484.8348
484.9872
485.1396
485.292
485.4444
485.5968
485.7492
485.9016
486.054
486.2064
486.3588
486.5112
486.6636
486.816
486.9684
487.1208
487.2732
487.4256
487.578
487.7304
487.8828
488.34
488.7972
488.9496
489.102
489.2544
489.4068
489.5592
489.7116
489.864
490.0164
490.1688
490.3212
490.4736
490.626
490.7784
490.9308
491.0832
491.2356
491.388
491.5404
491.6928
491.8452
491.9976
492.15
492.3024
492.4548
492.6072
492.7596
492.912
493.0644
493.2168
493.3692
493.5216
493.674
493.8264
493.9788
494.1312
494.2836
494.7408
494.8932
495.0456
495.198
495.3504
495.5028
495.96
496.1124
496.2648
496.4172
496.5696
496.722
496.8744
497.0268
497.1792
497.3316
497.484
497.6364
497.7888
497.9412
498.0936
498.246
498.3984
498.5508
498.7032
498.8556
499.008
499.1604
499.3128
499.4652
499.9224
500.0748
500.2272
500.3796
500.532
500.6844
500.8368
500.9892
501.1416
501.294
501.4464
501.5988
501.7512
501.9036
502.056
502.2084
502.3608
502.5132
502.6656
502.818
502.9704
503.4276
503.58
503.7324
503.8848
504.0372
504.1896
504.342
504.4944
504.6468
504.7992
504.9516
505.104
505.2564
505.4088
505.5612
506.3232
506.4756
506.628
506.7804
506.9328
507.6948
507.8472
507.9996
508.152
508.3044
508.4568
508.6092
508.7616
508.914
509.0664
509.2188
509.3712
509.5236
509.676
509.8284
509.9808
510.1332
510.2856
510.8952
511.0476
511.2
511.3524
511.5048
511.6572
511.8096
511.962
513.0288
513.1812
513.3336
513.486
513.6384
513.7908
513.9432
514.0956
514.248
514.4004
514.5528
514.7052
514.8576
515.01
515.1624
515.3148
515.4672
515.6196
515.772
515.9244
516.0768
516.2292
516.3816
516.534
516.6864
516.8388
516.9912
517.1436
517.296
517.4484
517.6008
517.7532
517.9056
518.058
518.2104
518.3628
518.5152
518.6676
518.82
518.9724
519.1248
519.2772
519.4296
519.582
519.7344
519.8868
520.0392
520.1916
520.344
520.4964
521.7156
521.868
522.0204
523.2396
523.392
523.5444
524.154
524.3064
524.4588
524.6112
524.7636
524.916
525.0684
525.2208
525.3732
525.5256
525.678
525.8304
525.9828
526.1352
526.2876
526.44
526.5924
526.7448
526.8972
527.0496
527.202
527.3544
527.5068
527.6592
527.8116
527.964
528.1164
528.2688
528.4212
528.5736
528.726
528.8784
529.0308
529.1832
529.3356
529.488
529.6404
529.7928
529.9452
530.0976
530.25
530.4024
530.5548
530.7072
530.8596
531.012
531.1644
531.3168
531.4692
531.6216
531.774
531.9264
532.0788
532.2312
532.3836
532.536
532.6884
532.8408
532.9932
533.1456
533.298
533.4504
533.6028
533.7552
533.9076
534.06
534.2124
534.3648
534.5172
534.6696
534.822
534.9744
535.1268
535.2792
535.4316
535.584
535.7364
535.8888
536.0412
536.1936
536.346
536.4984
536.6508
536.8032
536.9556
537.108
537.2604
537.4128
537.5652
537.7176
537.87
538.0224
538.1748
538.3272
538.4796
538.632
538.7844
538.9368
539.0892
539.2416
539.394
539.5464
539.6988
539.8512
540.0036
540.156
540.3084
540.4608
540.6132
540.7656
540.918
541.0704
541.2228
541.3752
541.5276
541.68
541.8324
541.9848
542.1372
542.2896
542.442
542.5944
542.7468
542.8992
543.0516
543.204
543.3564
543.5088
543.6612
543.8136
543.966
544.1184
544.2708
544.4232
544.5756
544.728
544.8804
545.0328
545.1852
545.3376
545.49
545.6424
545.7948
545.9472
546.0996
546.252
546.4044
546.5568
546.7092
547.6236
547.776
547.9284
548.0808
548.2332
548.3856
548.538
548.6904
548.8428
548.9952
549.1476
549.7572
549.9096
550.062
550.2144
550.3668
550.5192
550.6716
550.824
550.9764
551.1288
551.2812
551.4336
551.586
551.7384
551.8908
552.0432
552.1956
552.348
552.5004
552.6528
552.8052
552.9576
553.11
553.2624
553.4148
553.5672
553.7196
553.872
554.0244
554.1768
554.3292
554.4816
554.634
554.7864
554.9388
555.0912
555.2436
555.396
555.5484
555.7008
555.8532
556.0056
556.158
556.3104
556.4628
556.6152
556.7676
556.92
557.0724
557.2248
557.3772
557.5296
557.682
557.8344
557.9868
558.1392
558.2916
558.444
558.5964
558.7488
558.9012
559.0536
559.206
559.3584
559.5108
559.6632
559.8156
559.968
560.1204
560.2728
560.4252
560.5776
560.73
560.8824
561.0348
561.1872
561.3396
561.492
561.6444
561.7968
561.9492
562.1016
562.254
562.4064
562.5588
562.7112
562.8636
563.016
563.1684
563.3208
563.4732
563.6256
563.778
563.9304
564.0828
564.2352
564.3876
565.4544
565.6068
565.7592
565.9116
566.064
566.2164
566.3688
566.5212
566.6736
566.826
566.9784
567.1308
567.2832
567.4356
567.588
567.7404
567.8928
568.0452
568.1976
568.35
568.5024
568.6548
569.2644
569.4168
569.5692
569.7216
569.874
570.0264
570.1788
570.3312
570.4836
570.636
570.7884
570.9408
571.0932
571.2456
571.398
572.0076
573.2268
573.3792
573.5316
573.684
573.8364
573.9888
574.1412
574.2936
574.446
574.5984
574.7508
574.9032
575.0556
575.208
575.3604
575.5128
575.6652
575.8176
575.97
576.1224
576.2748
576.8844
577.0368
577.1892
577.3416
577.494
577.6464
577.7988
577.9512
578.1036
578.256
578.4084
578.5608
578.7132
578.8656
579.018
579.1704
579.3228
579.4752
579.6276
579.78
579.9324
580.0848
580.2372
580.3896
580.542
580.6944
580.8468
580.9992
581.1516
581.304
581.4564
581.6088
581.7612
581.9136
582.066
582.2184
582.3708
582.5232
582.6756
582.828
582.9804
583.1328
583.2852
583.4376
583.59
583.7424
583.8948
584.0472
584.1996
584.352
584.5044
584.6568
584.8092
584.9616
585.114
585.2664
585.4188
585.5712
585.7236
585.876
586.0284
586.1808
586.3332
586.4856
586.638
586.7904
586.9428
587.0952
587.2476
587.4
587.5524
587.7048
587.8572
588.0096
588.162
588.3144
588.4668
588.6192
589.2288
589.3812
589.5336
589.686
589.8384
589.9908
590.1432
590.2956
590.448
590.6004
590.7528
590.9052
591.0576
591.21
591.3624
591.5148
591.6672
591.8196
592.8864
593.9532
594.1056
594.258
595.6296
595.782
595.9344
596.0868
596.2392
596.3916
597.0012
597.1536
598.3728
598.5252
598.6776
599.2872
599.4396
599.592
599.7444
599.8968
600.0492
600.2016
600.354
600.5064
600.6588
600.8112
600.9636
601.116
601.2684
601.4208
601.5732
601.7256
601.878
602.0304
602.1828
602.3352
602.4876
602.64
602.7924
602.9448
603.0972
603.2496
603.402
603.5544
603.7068
603.8592
604.0116
604.164
604.3164
604.4688
604.6212
604.7736
604.926
605.0784
605.2308
605.3832
605.5356
605.688
605.8404
605.9928
606.1452
607.0596
607.212
607.3644
607.5168
607.6692
607.8216
607.974
608.1264
608.2788
608.4312
608.5836
608.736
608.8884
609.0408
609.1932
609.3456
609.498
609.6504
609.8028
609.9552
610.1076
610.26
610.4124
610.5648
610.7172
610.8696
611.022
611.1744
611.3268
611.4792
611.6316
611.784
611.9364
612.0888
612.2412
612.3936
612.546
612.6984
612.8508
613.6128
613.7652
613.9176
614.07
614.2224
614.3748
614.5272
614.6796
614.832
614.9844
615.1368
615.2892
615.4416
615.594
615.7464
615.8988
616.0512
616.2036
616.356
616.5084
616.6608
616.8132
616.9656
617.118
617.2704
617.4228
617.5752
617.7276
617.88
618.0324
618.1848
618.3372
618.4896
618.642
618.7944
618.9468
619.0992
619.2516
619.404
619.5564
619.7088
619.8612
620.0136
620.166
620.3184
620.4708
620.6232
620.7756
620.928
621.0804
621.2328
621.3852
621.9948
622.1472
622.2996
622.452
622.6044
623.5188
623.6712
623.8236
623.976
624.1284
624.2808
624.4332
624.5856
624.738
624.8904
625.0428
625.1952
625.3476
625.5
625.6524
625.8048
625.9572
626.1096
626.262
626.4144
626.5668
626.7192
626.8716
627.024
627.1764
627.3288
627.4812
627.6336
627.786
627.9384
628.0908
628.2432
628.3956
628.548
628.7004
628.8528
629.0052
629.1576
629.31
629.4624
629.6148
629.7672
629.9196
630.072
630.2244
630.3768
630.9864
631.1388
631.2912
631.4436
631.596
631.7484
631.9008
632.0532
632.2056
632.358
632.5104
632.6628
632.8152
632.9676
633.12
633.2724
633.4248
633.5772
633.7296
633.882
634.4916
634.644
634.7964
634.9488
635.1012
635.2536
635.8632
636.0156
636.168
636.3204
636.4728
636.6252
636.7776
636.93
637.0824
637.2348
637.3872
637.5396
637.692
637.8444
637.9968
638.1492
638.3016
638.454
638.6064
638.7588
638.9112
639.0636
639.216
639.3684
639.5208
639.6732
639.8256
639.978
640.1304
640.2828
640.4352
640.5876
640.74
640.8924
641.0448
641.1972
641.3496
641.502
641.6544
641.8068
641.9592
642.1116
642.264
642.4164
642.5688
642.7212
642.8736
643.026
643.1784
643.3308
644.3976
644.55
644.7024
644.8548
645.0072
645.1596
645.312
645.4644
645.6168
645.7692
645.9216
646.074
646.2264
646.3788
646.5312
646.6836
646.836
646.9884
647.1408
647.2932
647.4456
647.598
647.7504
647.9028
648.5124
648.6648
648.8172
648.9696
649.122
649.2744
649.4268
649.5792
649.7316
649.884
650.0364
650.1888
650.3412
650.4936
650.646
650.7984
650.9508
651.1032
651.2556
651.408
651.5604
651.7128
651.8652
652.0176
652.17
652.3224
652.4748
652.6272
652.7796
652.932
653.0844
653.2368
653.3892
653.5416
653.694
653.8464
653.9988
654.1512
654.3036
654.9132
655.0656
655.218
655.3704
655.5228
655.6752
655.8276
655.98
656.1324
656.2848
656.4372
656.5896
656.742
656.8944
657.0468
657.1992
657.3516
657.504
657.6564
657.8088
657.9612
658.1136
658.266
658.4184
658.5708
658.7232
658.8756
659.4852
659.6376
660.0948
660.2472
660.3996
660.552
660.7044
660.8568
661.0092
661.1616
661.314
661.4664
661.6188
661.7712
661.9236
662.076
662.2284
662.3808
662.5332
662.6856
662.838
662.9904
663.1428
663.2952
663.4476
663.6
663.7524
663.9048
664.0572
664.2096
664.362
664.5144
664.6668
664.8192
664.9716
665.124
665.2764
665.4288
665.5812
665.7336
665.886
666.0384
666.1908
666.3432
666.4956
666.648
666.8004
666.9528
667.1052
667.2576
667.41
667.5624
667.7148
667.8672
668.0196
668.172
668.3244
668.4768
668.6292
668.7816
668.934
669.0864
669.2388
669.3912
669.5436
669.696
669.8484
670.0008
670.1532
670.3056
670.458
670.6104
670.7628
670.9152
671.0676
671.22
671.3724
671.5248
671.6772
671.8296
671.982
672.1344
672.2868
672.4392
672.5916
672.744
672.8964
673.0488
673.2012
673.3536
673.506
673.6584
673.8108
673.9632
674.1156
674.268
674.4204
674.5728
674.7252
674.8776
675.03
675.1824
675.3348
675.4872
675.6396
675.792
676.2492
676.4016
676.554
676.7064
676.8588
677.0112
677.1636
677.316
677.4684
677.6208
677.7732
677.9256
678.078
678.2304
678.3828
678.5352
678.6876
678.84
678.9924
679.1448
679.2972
679.4496
679.602
679.7544
679.9068
680.0592
680.2116
680.364
680.5164
681.126
681.2784
681.888
683.2596
683.412
683.5644
683.7168
683.8692
684.0216
684.174
684.3264
684.4788
684.6312
684.7836
684.936
685.0884
685.2408
685.3932
685.5456
685.698
685.8504
686.0028
686.1552
686.3076
686.46
686.6124
686.7648
686.9172
687.0696
687.222
687.3744
687.5268
687.6792
687.8316
687.984
688.1364
688.2888
688.4412
688.5936
688.746
688.8984
689.0508
689.2032
689.3556
689.508
689.6604
689.8128
689.9652
690.1176
690.27
690.4224
690.5748
690.7272
690.8796
691.032
691.1844
691.3368
691.4892
691.6416
691.794
691.9464
692.0988
692.2512
692.4036
692.556
692.7084
692.8608
693.0132
693.1656
693.318
693.4704
693.6228
693.7752
693.9276
694.08
694.2324
694.3848
694.5372
694.6896
694.842
694.9944
695.1468
695.2992
695.4516
695.604
695.7564
695.9088
696.0612
696.2136
696.366
696.5184
696.6708
696.8232
696.9756
697.128
697.2804
697.4328
697.5852
697.7376
697.89
698.0424
698.1948
698.3472
698.4996
698.652
698.8044
699.2616
699.414
699.5664
699.7188
699.8712
700.0236
700.176
700.3284
700.4808
700.6332
700.7856
700.938
701.0904
701.2428
701.3952
702.0048
702.1572
702.3096
702.462
702.6144
702.7668
702.9192
703.0716
703.224
703.3764
703.5288
703.6812
703.8336
703.986
704.1384
704.2908
704.4432
704.5956
704.748
704.9004
705.0528
705.2052
705.3576
705.51
705.6624
705.8148
705.9672
706.1196
706.272
706.4244
706.5768
706.7292
706.8816
707.034
707.1864
707.3388
707.4912
707.6436
707.796
707.9484
708.1008
708.2532
708.4056
708.558
708.7104
709.1676
709.32
709.4724
709.9296
710.082
710.2344
710.3868
710.5392
710.6916
710.844
710.9964
711.1488
711.3012
711.4536
711.606
711.7584
711.9108
712.0632
712.2156
712.6728
712.8252
712.9776
