143.154
143.6112
143.7636
144.0684
144.5256
144.678
144.8304
145.1352
145.2876
145.7448
145.8972
146.0496
146.3544
146.5068
146.6592
146.964
147.2688
147.4212
147.5736
147.8784
148.1832
148.488
148.6404
148.7928
148.9452
149.0976
149.25
149.5548
149.8596
150.012
150.1644
150.3168
150.4692
150.6216
150.9264
151.0788
151.2312
151.3836
151.536
151.6884
151.9932
152.1456
152.298
152.4504
152.6028
152.7552
152.9076
153.2124
153.5172
153.822
153.9744
155.1936
155.346
155.9556
156.108
156.2604
156.87
158.0892
158.2416
159.3084
160.5276
161.5944
161.8992
162.0516
162.966
163.2708
163.5756
164.1852
164.3376
164.49
164.6424
164.9472
165.4044
165.7092
166.3188
166.4712
166.776
166.9284
167.2332
167.3856
167.538
167.9952
168.1476
168.3
168.6048
168.7572
168.9096
169.2144
169.3668
169.6716
170.1288
170.4336
170.7384
170.8908
171.1956
171.5004
171.6528
171.9576
172.2624
172.872
173.0244
173.1768
173.3292
173.4816
173.7864
173.9388
174.396
174.5484
175.0056
175.3104
175.6152
175.92
176.0724
176.3772
177.1392
177.444
177.9012
178.206
178.5108
178.8156
179.1204
179.4252
179.73
180.0348
180.1872
180.492
180.7968
180.9492
181.254
181.7112
181.8636
182.3208
182.4732
182.9304
183.2352
183.9972
184.1496
184.6068
185.064
185.6736
186.4356
186.7404
186.8928
187.1976
187.8072
188.5692
189.7884
189.9408
190.5504
190.7028
191.0076
191.6172
192.0744
192.3792
192.684
194.97
195.4272
195.732
195.8844
196.3416
196.6464
197.1036
197.7132
198.9324
199.542
199.8468
200.304
200.4564
200.7612
201.2184
201.828
202.2852
203.352
203.9616
204.5712
204.876
205.4856
205.7904
206.2476
206.5524
207.0096
207.4668
207.6192
208.0764
208.686
208.8384
209.2956
209.6004
210.0576
210.972
211.734
212.1912
212.3436
212.8008
213.1056
213.7152
214.1724
214.4772
214.782
215.2392
215.6964
216.0012
216.7632
216.9156
217.5252
217.9824
218.2872
218.7444
218.8968
219.0492
219.354
219.8112
219.9636
220.4208
220.5732
221.0304
221.1828
221.4876
221.64
222.402
222.7068
223.7736
224.0784
224.2308
224.688
225.1452
225.6024
226.0596
226.5168
226.974
228.1932
228.3456
228.8028
229.26
229.4124
229.8696
230.1744
230.784
230.9364
231.6984
231.8508
235.356
235.6608
236.2704
236.88
237.0324
237.7944
238.404
239.4708
239.928
240.5376
241.2996
241.7568
242.3664
243.4332
244.0428
245.1096
245.4144
246.6336
247.548
247.7004
248.1576
252.5772
253.3392
253.9488
254.2536
254.7108
255.0156
255.4728
255.93
256.3872
256.692
256.9968
257.6064
257.9112
258.0636
258.6732
259.1304
259.5876
259.74
260.3496
260.6544
260.9592
261.8736
262.1784
262.788
263.0928
263.55
263.8548
264.312
264.7692
265.3788
265.836
266.4456
267.2076
267.8172
268.2744
268.884
269.1888
269.646
270.1032
270.408
271.0176
271.4748
271.932
272.3892
272.8464
273.3036
273.9132
274.5228
274.98
275.4372
276.0468
276.504
277.1136
277.5708
277.7232
278.1804
278.3328
278.79
279.3996
279.8568
280.1616
280.4664
280.9236
281.2284
281.6856
282.1428
282.4476
282.9048
283.362
283.8192
284.124
284.5812
284.886
285.3432
285.8004
286.1052
286.41
286.8672
287.172
287.6292
287.934
288.5436
288.8484
289.3056
289.7628
290.3724
290.6772
291.1344
291.5916
292.0488
292.506
292.9632
293.4204
293.5728
294.1824
294.4872
294.9444
295.2492
295.7064
296.0112
296.1636
296.6208
296.9256
297.3828
297.5352
297.9924
298.2972
298.7544
298.9068
299.364
299.8212
300.2784
300.5832
300.888
301.0404
301.3452
301.65
302.412
302.7168
303.0216
303.4788
303.7836
304.0884
304.3932
305.0028
305.46
305.7648
306.222
306.6792
307.1364
307.4412
307.8984
308.2032
308.8128
309.27
309.5748
309.8796
310.3368
311.0988
311.556
311.8608
312.318
312.6228
313.2324
313.842
313.9944
314.2992
315.9756
316.5852
317.1948
317.3472
318.2616
318.8712
319.0236
319.6332
319.938
320.2428
320.7
321.1572
321.462
322.0716
322.3764
322.8336
322.986
323.2908
323.748
324.0528
324.8148
325.1196
326.034
326.796
326.9484
327.4056
327.7104
328.0152
328.4724
328.7772
329.3868
329.5392
330.1488
330.606
330.9108
331.0632
331.368
332.2824
332.5872
332.892
333.3492
333.5016
333.9588
334.2636
334.8732
335.178
335.4828
335.7876
336.2448
336.5496
337.0068
337.6164
337.9212
338.3784
338.988
339.2928
339.5976
339.9024
340.8168
341.7312
342.4932
342.6456
343.2552
343.4076
343.8648
344.6268
345.084
345.3888
345.6936
345.9984
346.4556
346.608
346.9128
347.2176
347.5224
347.9796
348.2844
348.894
349.1988
350.1132
350.418
350.8752
351.18
351.4848
351.7896
352.0944
352.3992
352.8564
353.1612
353.466
354.5328
354.8376
355.1424
355.5996
356.2092
356.6664
356.9712
357.4284
358.1904
358.4952
359.7144
360.1716
360.7812
362.1528
362.4576
363.0672
363.5244
363.8292
364.5912
364.896
365.2008
365.658
365.8104
366.2676
366.7248
367.0296
367.7916
367.944
368.4012
368.706
369.468
369.9252
370.8396
371.2968
371.6016
371.9064
372.3636
373.4304
374.04
374.4972
374.802
375.564
375.8688
376.4784
376.6308
377.6976
378.1548
378.612
378.9168
379.374
379.8312
380.136
380.4408
380.898
382.1172
382.5744
383.184
383.946
384.708
385.0128
385.47
386.3844
386.6892
386.994
387.4512
387.9084
388.518
389.1276
389.4324
389.8896
390.1944
390.4992
390.804
391.1088
391.4136
392.9376
393.852
394.4616
394.9188
395.5284
395.9856
396.4428
397.2048
397.662
398.5764
398.8812
399.4908
399.948
400.4052
400.8624
401.1672
401.6244
402.0816
402.996
403.3008
403.6056
404.2152
404.9772
405.5868
406.044
406.5012
406.9584
407.4156
408.1776
408.7872
409.2444
409.5492
410.0064
410.7684
411.378
411.9876
412.5972
412.902
413.5116
413.664
413.8164
413.9688
414.426
415.0356
415.3404
415.6452
416.1024
416.2548
416.712
417.0168
417.474
417.7788
418.0836
418.3884
418.6932
418.998
419.3028
419.4552
419.76
420.0648
420.522
420.8268
421.1316
421.5888
421.8936
422.1984
422.5032
422.808
422.9604
423.1128
423.2652
423.57
423.8748
424.1796
424.332
424.9416
425.094
425.2464
425.7036
425.856
426.1608
426.4656
427.0752
427.2276
427.8372
427.9896
428.4468
428.5992
428.904
429.2088
429.5136
429.8184
430.2756
430.7328
431.4948
431.7996
432.2568
432.714
433.0188
433.476
433.9332
434.238
434.6952
435.4572
435.9144
436.524
436.8288
437.286
437.5908
437.8956
438.3528
438.81
439.1148
439.572
439.8768
440.1816
440.4864
440.7912
441.096
441.5532
441.858
442.4676
443.2296
443.6868
443.8392
444.144
444.4488
444.906
445.2108
445.3632
446.1252
446.5824
447.3444
447.4968
447.954
448.1064
448.5636
449.7828
450.0876
450.3924
451.1544
451.6116
452.0688
452.8308
453.4404
453.8976
454.3548
454.812
454.9644
455.4216
455.8788
456.336
456.6408
456.9456
457.2504
457.5552
457.86
458.3172
458.9268
459.6888
460.2984
460.6032
461.67
462.1272
462.7368
463.3464
464.1084
464.4132
464.718
465.0228
465.7848
465.9372
466.3944
467.1564
467.4612
467.6136
467.9184
468.3756
468.6804
469.4424
469.7472
469.8996
470.3568
470.6616
470.9664
471.2712
471.7284
472.0332
472.4904
473.1
473.4048
474.0144
474.3192
474.7764
475.0812
475.5384
476.4528
476.7576
477.3672
477.8244
478.2816
479.196
479.5008
479.958
480.4152
480.72
481.3296
481.482
481.9392
482.244
482.7012
483.4632
484.0728
484.3776
484.8348
485.292
485.7492
486.054
486.816
487.1208
487.578
488.7972
489.4068
489.864
490.3212
490.9308
491.388
491.9976
492.3024
492.4548
493.2168
493.8264
494.8932
495.5028
495.96
496.8744
497.1792
497.6364
498.0936
498.5508
499.1604
499.9224
500.3796
500.8368
501.1416
501.7512
502.2084
502.6656
503.58
504.1896
504.6468
505.2564
506.4756
506.9328
507.8472
508.3044
508.6092
508.914
509.0664
509.5236
510.1332
510.8952
511.2
511.6572
513.486
513.7908
514.248
514.7052
515.1624
515.4672
515.772
516.6864
516.9912
517.4484
517.9056
518.2104
518.6676
518.9724
519.582
520.0392
520.4964
524.6112
525.0684
525.3732
525.9828
526.5924
527.0496
527.5068
528.2688
528.8784
529.9452
530.4024
530.8596
531.1644
531.6216
532.8408
533.6028
534.3648
534.822
535.8888
536.6508
537.2604
537.7176
538.4796
540.0036
540.6132
541.2228
541.8324
543.0516
543.6612
544.2708
544.728
545.1852
546.0996
546.5568
547.776
548.0808
548.538
548.9952
550.062
550.5192
550.9764
551.4336
552.1956
553.11
553.872
554.7864
556.4628
556.92
557.8344
559.0536
559.8156
560.8824
561.6444
562.254
563.1684
563.778
565.4544
565.7592
566.5212
567.588
568.1976
569.4168
569.874
570.3312
570.636
571.398
573.3792
573.9888
574.446
575.3604
575.8176
576.2748
576.8844
577.3416
577.9512
578.256
578.5608
579.018
579.4752
580.0848
580.3896
580.9992
581.1516
581.6088
582.066
582.6756
584.0472
584.8092
585.5712
586.1808
586.7904
587.0952
587.7048
588.3144
589.686
590.2956
591.0576
591.5148
594.258
595.782
596.3916
597.0012
598.3728
599.7444
600.2016
600.6588
600.9636
601.7256
602.4876
602.9448
603.5544
604.4688
604.926
605.688
606.1452
607.5168
607.974
608.736
609.498
609.9552
610.4124
611.1744
611.4792
612.2412
612.546
613.7652
614.2224
614.9844
615.4416
615.7464
616.2036
616.8132
617.118
617.88
618.0324
618.4896
619.0992
619.404
619.7088
620.166
620.6232
621.3852
622.1472
622.6044
623.6712
624.1284
624.4332
624.738
625.1952
625.5
625.9572
626.5668
627.1764
627.6336
628.2432
628.7004
629.1576
629.4624
629.9196
630.3768
631.7484
632.2056
632.6628
633.2724
634.644
635.2536
636.0156
636.7776
637.3872
637.692
638.3016
638.6064
639.216
639.8256
640.2828
641.0448
641.502
641.8068
642.4164
642.8736
644.55
644.8548
645.0072
645.7692
646.5312
647.2932
647.9028
648.5124
649.122
649.4268
650.0364
650.4936
650.9508
651.408
652.0176
652.7796
653.0844
653.5416
654.1512
654.9132
655.3704
655.98
656.742
657.1992
657.8088
658.5708
659.4852
660.0948
660.7044
661.1616
661.7712
662.3808
662.838
663.4476
664.0572
664.6668
665.124
665.886
666.1908
666.9528
667.41
668.3244
668.934
669.8484
670.6104
671.0676
671.6772
672.4392
673.8108
674.268
674.8776
675.4872
675.792
676.554
676.8588
677.1636
677.6208
678.078
678.6876
679.1448
679.7544
680.2116
680.5164
681.888
683.5644
684.174
684.6312
685.0884
685.5456
686.3076
687.0696
687.8316
689.0508
689.8128
690.4224
691.1844
691.794
692.4036
692.7084
693.318
693.9276
694.5372
694.9944
695.4516
696.366
696.8232
697.2804
698.4996
699.414
699.8712
700.4808
700.7856
701.3952
702.0048
702.7668
703.5288
703.8336
704.4432
704.9004
705.3576
705.8148
706.272
707.034
707.796
708.2532
709.1676
709.4724
710.082
710.844
711.606
712.6728
712.8252
712.9776
