1.5324,0.53283856526612,196.3537913,0.60022216949262,1431.197
1.5397,0.53649572794603,197.3198616,0.61273154150639,1446.664
1.551,0.53169110002624,196.0506787,0.59629725042893,1434.586
1.554,0.53447022783733,196.7848087,0.60580329256713,1446.32
1.5279,0.53150020018366,196.0002509,0.5956442750723,1442.211
1.5394,0.53102338024363,195.8742949,0.59401330536124,1442.277
1.5586,0.5310710346027,195.8868832,0.59417630799605,1444.106
1.6014,0.53102338024363,195.8742949,0.59401330536124,1447.163
1.6205,0.53140478736132,195.9750468,0.59531791334563,1449.96
1.6239,0.53164336616942,196.0380694,0.59613397509173,1455.582
1.6236,0.52888525112819,195.3094901,0.58669980767476,1448.682
1.6257,0.52964406056972,195.509936,0.58929532531426,1452.89
1.7142,0.52765549852324,194.9846406,0.58249342365483,1449.689
1.7546,0.52638277056972,194.6484388,0.57814004028865,1447.165
1.7347,0.52586550898801,194.5117998,0.57637074066781,1447.3
1.6859,0.52756107185157,194.959697,0.58217043515337,1455.573
1.7153,0.5309280896964,195.8491231,0.59368736293398,1469.395
1.7236,0.53126171374438,195.9372527,0.59482852810412,1472.288
1.7321,0.53083282375562,195.8239578,0.59336150426964,1472.581
1.7296,0.53216877967766,196.1768618,0.59793115976968,1479.34
1.7267,0.53504782064093,196.9373847,0.60777895528074,1492.023
1.7229,0.52619459106447,194.5987296,0.57749637107264,1467.064
1.7254,0.52567759371814,194.4621604,0.57572797470304,1467.234
1.7234,0.52581852127436,194.4993876,0.57621001841442,1469.419
1.714,0.52572456363943,194.4745679,0.57588863543596,1470.612
1.6968,0.52737229043478,194.9098288,0.58152470599939,1477.677
1.6841,0.52624162685532,194.6111545,0.57765725755351,1475.522
1.7247,0.52614756133058,194.5863063,0.57733550513397,1478.506
1.8105,0.52751386722264,194.9472275,0.5820089718897,1486.06
1.832,0.5300715760045,195.6228678,0.590757646549,1495.923
1.817,0.52992901571589,195.5852093,0.59027001846786,1496.98
1.7735,0.5300715760045,195.6228678,0.590757646549,1499.184
1.7314,0.52997652962894,195.5977605,0.59043254030003,1500.568
1.6693,0.53068997046102,195.7862219,0.59287287325797,1504.609
1.6782,0.53255136639055,196.2779253,0.59923980236203,1513.717
1.7015,0.53150020018366,196.0002509,0.5956442750723,1512.003
1.6892,0.53088045350825,195.8365396,0.59352442313347,1511.652
1.687,0.53236002401049,196.2273806,0.59858531256749,1517.921
1.6786,0.53116636187031,195.9120647,0.59450237612824,1515.617
1.7074,0.53350955997751,196.5310402,0.6025173154121,1524.763
1.7302,0.52964406056972,195.509936,0.58929532531426,1515.536
1.7159,0.52978651069715,195.5475654,0.5897825780924,1517.634
1.7065,0.5300715760045,195.6228678,0.590757646549,1520.432
1.7023,0.53002404959895,195.6103133,0.59059508299241,1521.914
1.6992,0.53064236493628,195.7736465,0.59271003810057,1525.449
1.7124,0.53030929775112,195.685664,0.5915707774359,1525.884
1.7225,0.52935932461019,195.4347206,0.58832138211692,1524.585
1.7271,0.528790509494,195.2844633,0.58637574213145,1525.86
1.7149,0.52836447158171,195.1719218,0.58491847435211,1527.595
1.7145,0.52855376102699,195.2219242,0.58556594150555,1531.607
1.722,0.52898001736882,195.3345234,0.5870239562905,1534.657
1.7302,0.52964406056972,195.509936,0.58929532531426,1549.694
1.7295,0.53045200416417,195.7233611,0.59205890659594,1554.21
1.7367,0.52577153923913,194.4869769,0.57604931667177,1545.357
1.741,0.52520822536732,194.3381728,0.57412249417064,1545.097
1.7489,0.52436486893178,194.1153931,0.57123778245515,1543.765
1.7738,0.52380370452774,193.9671568,0.56931831282952,1548.583
1.7421,0.53064236493628,195.7736465,0.59271003810057,1584.276
1.7588,0.53178658704648,196.0759024,0.59662386412371,1589.624
1.3181,0.53940848087706,198.0892898,0.62269465023642,1624.615
1.3961,0.53693119769865,197.4348946,0.61422107079156,1629.804
1.7846,0.53418176721889,196.7086094,0.6048166087395,1632.908
1.683,0.5325992176012,196.2905656,0.59940347749693,1631.278
1.619,0.53226438973014,196.202118,0.59825819406026,1632.231
1.7319,0.53121403477886,195.9246579,0.5946654416337,1638.436
1.7095,0.52940676546102,195.4472525,0.58848365393958,1636.133
1.7162,0.52898001736882,195.3345234,0.5870239562905,1638.09
1.7819,0.52455211452774,194.1648556,0.5718782577959,1630.564
1.7634,0.5260065080922,194.5490459,0.57685303053179,1637.18
1.7519,0.52855376102699,195.2219242,0.58556594150555,1646.562
1.7502,0.5254897746027,194.4125464,0.57508553672192,1638.682
1.7269,0.52940676546102,195.4472525,0.58848365393958,1654.241
1.6481,0.53016664622939,195.6479814,0.59108283627092,1661.36
1.66,0.53097573194153,195.8617082,0.59385032367523,1667.05
1.6813,0.52916962215517,195.3846091,0.58767250286706,1667.87
1.6799,0.52756107185157,194.959697,0.58217043515337,1664.65
1.589,0.52997652962894,195.5977605,0.59043254030003,1675.394
1.4923,0.5310710346027,195.8868832,0.59417630799605,1680.472
1.5528,0.53322184247376,196.4550372,0.60153317425539,1690.578
1.6576,0.53126171374438,195.9372527,0.59482852810412,1686.013
1.6365,0.53011910808846,195.6354238,0.59092023097383,1684.297
1.6392,0.53130939876687,195.9498491,0.59499163554356,1692.652
1.6314,0.5309280896964,195.8491231,0.59368736293398,1693.158
1.6377,0.52992901571589,195.5852093,0.59027001846786,1691.874
1.6772,0.52732511003373,194.8973657,0.58136332532299,1686.597
1.6599,0.522683943497,193.6713625,0.56548815498715,1673.172
1.6572,0.52273053182909,193.6836692,0.5656475116528,1674.832
1.6772,0.52417771873313,194.0659558,0.57059763334659,1682.75
1.6748,0.52315009521739,193.7945004,0.56708263352688,1681.037
1.6626,0.52680652538231,194.7603772,0.57958949904861,1696.211
1.6607,0.52614756133058,194.5863063,0.57733550513397,1699.087
1.6556,0.52572456363943,194.4745679,0.57588863543596,1700.851
1.6727,0.53059476546852,195.7610727,0.59254722385969,1719.948
1.6746,0.53126171374438,195.9372527,0.59482852810412,1723.746
1.6673,0.53173884069715,196.0632898,0.59646054677157,1728.592
1.666,0.53026174106072,195.6731015,0.59140810949793,1726.906
1.6632,0.52935932461019,195.4347206,0.58832138211692,1725.741
1.6613,0.53135708984633,195.9624471,0.59515476395605,1735.478
1.6449,0.52926446145802,195.4096617,0.58799690089183,1732.095
1.6327,0.52969153776237,195.5224775,0.58945772206951,1740.117
1.6448,0.53030929775112,195.685664,0.5915707774359,1743.66
1.6436,0.52789167157796,195.0470277,0.58330125660932,1737.412
1.6473,0.53054717243628,195.7485006,0.59238443053132,1747.743
1.6347,0.53002404959895,195.6103133,0.59059508299241,1747.933
1.6354,0.52732511003373,194.8973657,0.58136332532299,1742.368
1.6486,0.52850642958021,195.2094212,0.58540404361688,1747.801
1.6386,0.52699501720015,194.8101689,0.58023423820018,1747.559
1.6464,0.52756107185157,194.959697,0.58217043515337,1751.331
1.6721,0.52850642958021,195.2094212,0.58540404361688,1759.303
1.66,0.52874314738381,195.2719522,0.58621374050198,1763.276
1.6813,0.52539590100825,194.3877489,0.57476444064678,1755.282
1.6313,0.52916962215517,195.3846091,0.58767250286706,1771.254
1.6102,0.5325992176012,196.2905656,0.59940347749693,1784.347
1.6808,0.5284591041904,195.1969198,0.5852421664644,1773.969
1.7416,0.5232900563081,193.8314723,0.56756137253976,1764.571
1.6737,0.52422449748126,194.0783128,0.5707576400531,1770.794
1.6168,0.52898001736882,195.3345234,0.5870239562905,1791.788
1.6089,0.52812799605697,195.1094548,0.58410960667619,1792.187
1.6293,0.5270421552024,194.8226208,0.58039547450127,1791.955
1.644,0.52610053765367,194.5738846,0.57717465973356,1791.814
1.676,0.53088045350825,195.8365396,0.59352442313347,1811.345
1.6117,0.52916962215517,195.3846091,0.58767250286706,1808.887
1.5859,0.53370149518366,196.5817415,0.60317383266659,1827.659
1.6155,0.53216877967766,196.1768618,0.59793115976968,1825.695
1.6401,0.53016664622939,195.6479814,0.59108283627092,1820.428
1.686,0.52530205126312,194.3629577,0.57444342647347,1806.904
1.693,0.53226438973014,196.202118,0.59825819406026,1834.189
1.6862,0.53717334444153,197.4988597,0.61504933774001,1852.048
1.6764,0.52808071912294,195.0969662,0.58394789526999,1825.173
1.675,0.51603644489505,191.9153698,0.54275030068602,1787.282
1.6727,0.51571637332084,191.8308202,0.54165549258287,1787.593
1.6488,0.53226438973014,196.202118,0.59825819406026,1850.632
1.6502,0.54014022209145,198.2825854,0.62519757992274,1878.536
1.6611,0.52983400643928,195.5601118,0.58994503736805,1849.208
1.6835,0.53303015446777,196.4044012,0.6008775029192,1863.059
1.7048,0.53049958508246,195.73593,0.59222165811141,1862.934
1.6933,0.53059476546852,195.7610727,0.59254722385969,1864.805
1.7048,0.52450529413793,194.1524876,0.57171810836281,1848.772
1.7042,0.53026174106072,195.6731015,0.59140810949793,1873.206
1.7096,0.46220317384558,177.6948582,0.35861290727991,1602.578
1.7574,0.5319298631934,196.11375,0.5971139422777,1893.609
1.723,0.53495149283733,196.9119389,0.60744946543675,1906.884
1.725,0.517595099003,192.3271014,0.5480816971879,1849.198
1.7275,0.5242712819078,194.0906713,0.57091766713743,1875.98
1.7255,0.52737229043478,194.9098288,0.58152470599939,1893.318
1.7159,0.51745730176537,192.2907011,0.5476103598484,1866.987
1.7615,0.5135746051012,191.2650541,0.5343295469447,1866.523
1.6964,0.5095084068066,190.1909336,0.52042106375909,1853.595
1.7479,0.51425677416792,191.4452548,0.53666291536307,1877.122
1.7425,0.51099403238756,190.5833741,0.52550266501903,1867.26
1.765,0.51571637332084,191.8308202,0.54165549258287,1887.495
1.775,0.51339291034108,191.2170579,0.53370805704778,1885.708
1.8146,0.51658579517616,192.0604853,0.54462936155029,1901.59
1.7893,0.50181916967391,188.1597569,0.49411992944218,1850.487
1.7243,0.52315009521739,193.7945004,0.56708263352688,1931.282
1.7127,0.53307806738381,196.4170578,0.60104138906402,1988.274
1.7316,0.53116636187031,195.9120647,0.59450237612824,1987.157
1.7569,0.53264707486882,196.3032075,0.59956717371448,1995.192
1.7623,0.52841178485757,195.18442,0.58508031004414,1983.458
1.7351,0.52888525112819,195.3094901,0.58669980767476,1989.784
1.7325,0.53862952821964,197.8835229,0.62003023178023,2024.252
1.6595,0.52850642958021,195.2094212,0.58540404361688,1996.848
1.6453,0.52964406056972,195.509936,0.58929532531426,2007.26
1.6053,0.53935974875562,198.0764168,0.62252796175562,2050.695
1.6179,0.5444126420952,199.4111811,0.6398114470267,2072.655
1.6022,0.52969153776237,195.5224775,0.58945772206951,2030.12
1.6909,0.52385043557721,193.9795012,0.56947815665344,2015.742
1.6785,0.5309280896964,195.8491231,0.59368736293398,2040.765
1.6024,0.52902740938531,195.3470424,0.58718606176051,2037.946
1.7661,0.52287033316717,193.7205989,0.56612570318781,2022.294
1.6551,0.52254421332834,193.6344516,0.56501020647423,2027.673
1.7515,0.52455211452774,194.1648556,0.5718782577959,2039.154
1.6757,0.49584555609445,186.5817766,0.47368710719807,1948.035
1.7209,0.50437869744003,188.8358777,0.50287482703598,1987.127
1.703,0.51649417931784,192.0362842,0.54431598742556,2036.829
1.676,0.51658579517616,192.0604853,0.54462936155029,2040.41
1.6882,0.50923895031484,190.1197544,0.51949938383541,2021.219
1.6676,0.50451158739505,188.8709817,0.5033293782541,2007.258
1.6268,0.51072346292729,190.5119009,0.52457717829211,2034.452
1.6365,0.51135510776612,190.6787552,0.5267377280693,2039.94
1.6664,0.51343832551349,191.2290547,0.53386340027818,2052.136
1.5901,0.50838699979385,189.8947045,0.51658527664915,2038.739
1.5418,0.48806306393553,184.5259658,0.44706699256494,1962.113
1.6336,0.50344985025862,188.5905149,0.49969769345683,2027.241
1.6846,0.54545121245127,199.6855282,0.64336389081116,2173.67
1.6813,0.54918383628936,200.6715322,0.65613137838335,2186.499
1.6546,0.53083282375562,195.8239578,0.59336150426964,2135.277
1.6624,0.5243180723913,194.1030314,0.57107771460348,2117.377
1.6739,0.50682288608321,189.4815307,0.51123520491512,2061.57
1.6739,0.54332767230885,199.1245772,0.63610029388988,2191.346
1.6347,0.51686078244003,192.1331255,0.54556995801544,2114.995
1.6154,0.53011910808846,195.6354238,0.59092023097383,2163.963
1.5801,0.53379750007496,196.607102,0.6035022183371,2177.31
1.5762,0.51004792586582,190.3334521,0.5222664955733,2102.974
1.6296,0.51090382023238,190.5595438,0.52519409229538,2108.826
1.6637,0.53116636187031,195.9120647,0.59450237612824,2183.777
1.7038,0.51339291034108,191.2170579,0.53370805704778,2129.285
1.7163,0.51407473681034,191.3971681,0.53604025398595,2134.828
1.6908,0.52661812971889,194.7106109,0.57894508939195,2181.009
1.7052,0.52756107185157,194.959697,0.58217043515337,2189.22
1.6987,0.50464452656297,188.9060987,0.50378409850273,2113.578
1.7045,0.50151150012744,188.0784834,0.49306754184794,2104.787
1.711,0.5095084068066,190.1909336,0.52042106375909,2142.884
1.7418,0.50789468687781,189.7646559,0.51490131309177,2138.975
1.7414,0.5009408187069,187.9277331,0.49111551779935,2119.369
1.7624,0.50358239496627,188.6255277,0.50015106409593,2134.086
1.7612,0.50406881331334,188.7540192,0.50181486433872,2139.11
1.722,0.49971475971889,187.6038593,0.48692176819124,2127.09
1.7153,0.49658135661544,186.7761445,0.47620392266419,2116.54
1.7185,0.50322905206897,188.5321892,0.49894244963121,2143.974
1.7192,0.50473318018366,188.9295173,0.50408733928756,2152.886
1.6868,0.50331735514243,188.5555152,0.49924449109634,2152.035
1.6899,0.50265561472639,188.3807109,0.49698100019702,2151.096
1.7022,0.50986799633433,190.2859222,0.52165104440889,2182.902
1.7012,0.51027296431409,190.3928979,0.52303624202463,2186.36
1.7023,0.50120409633058,187.9972801,0.49201606299522,2156.445
1.6879,0.50673371345577,189.457975,0.510930189637,2179.598
1.6873,0.50168727874063,188.1249168,0.49366879483749,2163.259
1.7107,0.50195110944153,188.1946099,0.49457123117503,2165.89
1.7532,0.5106783877024,190.4999939,0.52442299798769,2207.803
1.741,0.5043344118928,188.8241793,0.50272334750932,2186.757
1.749,0.52647689590705,194.6733028,0.57846199822857,2277.789
1.7294,0.52506753176162,194.3010074,0.57364124915506,2276.532
1.77,0.52417771873313,194.0659558,0.57059763334659,2275.189
1.6907,0.50203909641679,188.2178524,0.49487219189178,2199.859
1.6993,0.53121403477886,195.9246579,0.5946654416337,2308.255
1.6878,0.53045200416417,195.7233611,0.59205890659594,2310.776
1.7311,0.53833783772114,197.8064704,0.6190325013925,2341.004
1.7412,0.51244050570465,190.9654722,0.53045034570535,2258.429
1.732,0.51284837194528,191.0732135,0.53184545743693,2264.983
1.7236,0.52595950258621,194.536629,0.57669224672257,2323.432
1.686,0.51018293197526,190.3691151,0.52272828575278,2270.298
1.747,0.52375697953523,193.954814,0.56915848934845,2322.804
1.7009,0.5260065080922,194.5490459,0.57685303053179,2335.172
1.704,0.5254897746027,194.4125464,0.57508553672192,2335.318
1.6596,0.51745730176537,192.2907011,0.5476103598484,2312.657
1.675,0.52699501720015,194.8101689,0.58023423820018,2348.948
1.6158,0.519668335997,192.8747644,0.55517323186659,2330.387
1.6182,0.51384731872939,191.3370937,0.53526236699715,2311.762
1.5682,0.52031575356822,193.0457852,0.55738773138768,2342.19
1.585,0.52357013899925,193.9054585,0.56851939877483,2355.336
1.6026,0.53683438268741,197.4093201,0.61388991421602,2434.635
1.6154,0.53154791624813,196.0128555,0.59580748741747,2421.846
1.6085,0.52577153923913,194.4869769,0.57604931667177,2409.664
1.5753,0.54738758725262,200.1970379,0.64998728599945,2482.574
1.5676,0.54818487057721,200.407647,0.65271440281534,2486.916
1.5629,0.53528874841829,197.0010278,0.60860305256861,2455.74
1.5729,0.51676909692654,192.108906,0.54525634681535,2402.2
1.5916,0.52231144807721,193.5729647,0.56421403033464,2432.248
1.653,0.53355753459895,196.5437131,0.60268141297514,2473.338
1.6576,0.52235798946777,193.585259,0.56437322510902,2444.252
1.3271,0.53456643109445,196.8102216,0.6061323570709,2491.208
1.2731,0.51626523980135,191.9758079,0.54353289752201,2436.727
1.4867,0.54525316916792,199.6332134,0.64268648143649,2534.099
1.5041,0.51189739902549,190.822006,0.52859264230235,2439.724
1.4365,0.51018293197526,190.3691151,0.52272828575278,2440.25
1.4677,0.50584320766117,189.2227404,0.50788420269642,2436.57
1.4844,0.50181916967391,188.1597569,0.49411992944218,2425.633
1.5456,0.51676909692654,192.108906,0.54525634681535,2490.54
1.475,0.52133544661544,193.3151457,0.56087560475111,2514.989
1.5703,0.53150020018366,196.0002509,0.5956442750723,2548.269
1.4876,0.52063989315592,193.1314094,0.55849645448778,2519.233
1.6766,0.53524055044603,196.9882959,0.60843819050276,2607.496
1.7474,0.53384551179535,196.6197847,0.60366644294751,2612.338
1.7116,0.50856619037481,189.9420392,0.51719819943071,2541.971
1.7193,0.50402456600075,188.7423309,0.50166351610931,2530.231
1.6936,0.50067773528486,187.8582374,0.49021563864616,2523.575
1.6656,0.50411306630435,188.765709,0.50196623131442,2538.52
1.644,0.50588768059595,189.2344883,0.50803632238941,2549.264
1.6921,0.49291760432909,185.8083335,0.463672010492,2508.775
1.7178,0.49266042077586,185.7403963,0.46279231041785,2512.585
1.7212,0.49386222272864,186.0578624,0.46690309054704,2520.179
1.7132,0.50129189894678,188.0204739,0.49231639286449,2549.784
1.6314,0.48624932425787,184.0468512,0.44086307302811,2501.034
1.6214,0.49658135661544,186.7761445,0.47620392266419,2542.691
1.6259,0.49528391735382,186.433415,0.47176601524177,2539.859
1.7774,0.49437853942279,186.1942518,0.468669158317,2542.435
1.696,0.49888519538606,187.3847229,0.48408423224206,2563.693
1.549,0.49610507536732,186.6503308,0.47457479665288,2557.8
1.533,0.50265561472639,188.3807109,0.49698100019702,2583.392
1.555,0.51722775541604,192.2300645,0.54682519396414,2639.622
1.5767,0.50446728519115,188.8592789,0.50317784240488,2599.517
1.6027,0.51681493684408,192.121015,0.54541314253165,2644.732
1.6048,0.52464577272114,194.1895962,0.57219861788129,2679.289
1.6081,0.52492689153298,194.2638561,0.57316018817199,2683.634
1.6293,0.50120409633058,187.9972801,0.49201606299522,2610.548
1.5996,0.50597664274363,189.2579884,0.50834061844836,2630.992
1.5897,0.50199510046852,188.2062305,0.49472170224163,2621.478
1.5818,0.49636478581334,186.7189355,0.47546313866059,2604.304
1.5806,0.49888519538606,187.3847229,0.48408423224206,2618.665
1.6167,0.49901605019865,187.4192893,0.48453182344747,2623.893
1.6239,0.49201828336957,185.5707703,0.4605958720592,2604.202
1.6333,0.48954634963268,184.9177882,0.45214059045189,2599.771
1.6494,0.48920675757496,184.8280821,0.45097901224183,2604.405
1.7178,0.49818811632684,187.2005836,0.48169986479378,2646.672
1.6138,0.50411306630435,188.765709,0.50196623131442,2674.968
1.6009,0.49455081332084,186.2397594,0.46925842309779,2644.23
1.6149,0.49710166901799,186.9135894,0.47798365770924,2660.221
1.6191,0.49897242675412,187.4077658,0.48438260803209,2670.58
1.7694,0.48924918855322,184.8392906,0.45112414788189,2637.657
1.7209,0.49107860102324,185.3225453,0.45738167625352,2649.442
1.7268,0.48398490236507,183.4486851,0.43311758874715,2624.06
1.7275,0.49073752122189,185.2324462,0.4562150086784,2657.723
1.7187,0.48967378149925,184.9514504,0.45257647302764,2658.22
1.6999,0.48920675757496,184.8280821,0.45097901224183,2660.82
1.6893,0.4875981856934,184.4031643,0.44547687086771,2658.928
1.7581,0.48156908306222,182.8105261,0.42485424883824,2638.626
1.782,0.48394310736882,183.4376446,0.43297462863153,2653.122
1.7789,0.48198440392054,182.9202366,0.42627485853707,2650.758
1.7639,0.49296048655172,185.8196612,0.46381868973987,2703.2
1.7877,0.48528304537106,183.7916005,0.43755790373224,2675.765
1.7571,0.48916433189655,184.816875,0.45083389420251,2697.175
1.6143,0.49593204131934,186.6046224,0.47398293122152,2731.2
1.7382,0.48566083496252,183.8913968,0.43885013844502,2693.623
1.6793,0.48381775266492,183.4045311,0.4325458515112,2691.926
1.6569,0.50015215255997,187.7194003,0.48841787551433,2764.578
1.6453,0.49601854774363,186.6274738,0.47427882769758,2749.584
1.6359,0.50181916967391,188.1597569,0.49411992944218,2777.729
1.6419,0.49450773689655,186.2283804,0.46911107990018,2750.149
1.577,0.49489561361694,186.3308413,0.47043781721219,2756.357
1.6054,0.49210383392804,185.5933692,0.46088849868824,2751.123
1.6101,0.48899467991005,184.77206,0.45025359798851,2742.719
1.6351,0.48637555835832,184.080197,0.44129485901047,2734.927
1.6725,0.49184724471514,185.525589,0.46001083254021,2761.367
1.6988,0.48802077643178,184.5147952,0.44692234853777,2749.593
1.7187,0.49214661696777,185.6046707,0.46103483873153,2770.686
1.6928,0.49731869182159,186.9709178,0.47872598728538,2797.255
1.6881,0.48954634963268,184.9177882,0.45214059045189,2769.021
1.6854,0.49567264886432,186.5361017,0.4730956764026,2798.395
1.6834,0.49381923072339,186.0465057,0.46675603501491,2795.638
1.6661,0.48608108278861,184.0024088,0.44028760166914,2767.085
1.7163,0.47723810652924,181.6664622,0.41004008720871,2731.429
1.7419,0.47678752008996,181.547436,0.40849885035275,2732.52
1.7199,0.48069852931034,182.580562,0.4218765082869,2755.015
1.7053,0.48369244338831,183.3714296,0.43211722916543,2772.414
1.6919,0.48629139711769,184.0579651,0.44100698430621,2788.667
1.6412,0.49351843167541,185.9670471,0.46572714873722,2825.207
1.6212,0.50019592137181,187.7309622,0.48856758760892,2857.209
1.6593,0.51366548693028,191.2890613,0.5346404089052,2914.509
1.603,0.49879798559595,187.3616857,0.4837859298171,2859.205
1.6194,0.49124926528111,185.3676277,0.45796543575447,2829.965
1.6173,0.49381923072339,186.0465057,0.46675603501491,2846.024
1.6177,0.48963129903673,184.9402283,0.452431161204,2830.956
1.611,0.49416331553973,186.1373986,0.4679329821794,2857.503
1.6172,0.48603903529235,183.9913016,0.44014377725202,2824.376
1.6387,0.49326080861319,185.8989938,0.46484594545311,2861.678
1.7021,0.49060970170915,185.1986816,0.45577780074895,2855.257
1.7672,0.49090801967016,185.2774848,0.4567982006305,2862.982
1.7773,0.49446466577211,186.2170028,0.46896375470637,2881.728
1.6775,0.48431944290855,183.5370568,0.43426188947867,2840.873
1.6409,0.48683880916792,184.2025686,0.44287941379772,2857.246
1.6485,0.49731869182159,186.9709178,0.47872598728538,2908.97
1.6195,0.49684141723013,186.8448417,0.47709346288916,2911.878
1.5485,0.48717610563343,184.2916683,0.44403314116024,2873.391
1.5898,0.49360434792354,185.9897426,0.46602102655527,2907.574
1.6088,0.48314995830585,183.2281276,0.43026165213031,2861.411
1.6874,0.48289986633058,183.1620637,0.4294062097851,2866.308
1.7216,0.47478751415292,181.0191176,0.40165780506291,2829.607
1.8119,0.47062114112069,179.9185351,0.38740667194036,2813.132
1.8833,0.47106367557346,180.0354343,0.38892036703821,2818.698
1.8585,0.48595495544228,183.9690912,0.43985618050292,2896.772
1.8068,0.48595495544228,183.9690912,0.43985618050292,2899.821
1.7534,0.48177668121814,182.8653649,0.42556434061325,2881.488
1.7372,0.49364731418666,186.0010925,0.46616799236468,2942.019
1.6978,0.50006463083583,187.6962807,0.4881185066409,2974.4
1.6269,0.49103594782984,185.3112781,0.4572357807423,2938.488
1.6075,0.49377624363943,186.0351503,0.4666089974339,2952.64
1.6257,0.49347548131184,185.9557014,0.46558023672203,2956.083
1.6555,0.49308916464018,185.8536526,0.46425883480976,2958.041
1.6575,0.48692310252624,184.2248354,0.44316774103931,2933.298
1.658,0.49073752122189,185.2324462,0.4562150086784,2953.559
1.6513,0.48198440392054,182.9202366,0.42627485853707,2916.01
1.6105,0.48688095319715,184.2137013,0.44302356870562,2944.838
1.6845,0.49039677303973,185.1424347,0.45504947495989,2966.601
1.7489,0.49167628972264,185.4804298,0.45942607783326,2975.799
1.7433,0.48448683413043,183.5812746,0.43483445337238,2944.407
1.7173,0.48997130334708,185.0300433,0.45359414978095,2972.773
1.6959,0.48641764673913,184.091315,0.44143882244294,2958.927
1.7477,0.48536696319715,183.8137681,0.43784494577735,2957.316
1.8675,0.49001382707271,185.0412763,0.45373960278253,2987.76
1.8224,0.48377597773238,183.3934959,0.43240296020291,2960.49
1.7502,0.49784009031484,187.1086496,0.48050943750975,3031.201
1.7027,0.52013066008996,192.9968912,0.55675461660931,3132.824
1.6951,0.51869935797226,192.6188007,0.55185882973011,3130.494
1.6871,0.48402670228261,183.4597269,0.43326056607236,2976.721
1.7089,0.48161059300225,182.8214913,0.42499623311974,2967.609
1.7426,0.47793563077586,181.8507191,0.41242597780305,2955.166
1.753,0.47732009483133,181.6881201,0.41032052924251,2956.409
1.7475,0.48285820193778,183.1510577,0.42926369603062,2988.173
1.7238,0.48612313558471,184.0135174,0.44043144345216,3009.743
1.6976,0.48503141303223,183.7251297,0.43669719284759,3008.646
1.7177,0.47987146423538,182.3620858,0.41904752156847,2987.138
1.73,0.48515720648801,183.7583591,0.43712747045388,3017.774
1.7456,0.48065712915292,182.5696258,0.4217348979724,2999.374
1.7341,0.4918044983958,185.5142972,0.45986461717047,3058.926
1.6901,0.49048192913793,185.1649294,0.45534075218087,3058.913
1.7224,0.48612313558471,184.0135174,0.44043144345216,3042.188
1.7332,0.476378408006,181.4393656,0.40709947744802,2994.502
1.7388,0.47838772426537,181.9701434,0.41397237006402,3008.339
1.7493,0.47199083588831,180.2803515,0.39209173069616,2978.524
1.8152,0.47805887008246,181.8832738,0.41284751981346,3019.633
1.7518,0.48252506661169,183.0630572,0.42812420227046,3048.294
1.738,0.48057434322339,182.5477572,0.4214517282305,3040.677
1.7836,0.4918044983958,185.5142972,0.45986461717047,3103.552
1.7804,0.50807363177286,189.8119257,0.51551339654062,3184.694
1.8133,0.49060970170915,185.1986816,0.45577780074895,3108.228
1.8175,0.49814459433658,187.1890869,0.48155099741326,3151.877
1.8315,0.49679806067091,186.8333887,0.47694516074651,3147.615
1.7397,0.49442159994753,186.2056266,0.46881644751308,3138.899
1.8091,0.48603903529235,183.9913016,0.44014377725202,3114.534
1.7343,0.48465430598576,183.6255137,0.43540729321711,3113.534
1.6379,0.49082276022489,185.2549628,0.45650656920852,3152.706
1.6591,0.49506814039355,186.3764157,0.4710279469687,3175.305
1.6683,0.50305251141304,188.4855545,0.49833859083659,3224.773
1.6374,0.48764042171289,184.4143213,0.44562133992405,3155.129
1.6523,0.49188999671289,185.5368823,0.4601570657107,3178.601
1.6301,0.5084317892054,189.906536,0.51673847870329,3265.005
1.6384,0.50964321076462,190.2265432,0.52088216257131,3274.266
1.6371,0.51031798881184,190.4047915,0.52319024901703,3281.044
1.6277,0.48431944290855,183.5370568,0.43426188947867,3157.374
1.6035,0.48223383568591,182.9861261,0.42712804310242,3150.799
1.6265,0.48742929234258,184.3585497,0.44489916940683,3182.027
1.6338,0.48818995635307,184.5594855,0.44750102974657,3192.668
1.6143,0.48726048076087,184.3139567,0.44432174741694,3190.77
1.6205,0.48869798711019,184.6936861,0.4492387565032,3203.578
1.6277,0.49757929529235,187.0397584,0.47961738407462,3250.727
1.6333,0.49001382707271,185.0412763,0.45373960278253,3215.443
1.616,0.49171902052099,185.4917175,0.45957223982024,3229.58
1.5826,0.49498186640555,186.3536257,0.47073284601012,3249.729
1.5268,0.48992878454273,185.0188116,0.45344871443786,3231.671
1.5314,0.49313206768366,185.8649858,0.46440558561939,3251.753
1.6153,0.47904637638306,182.1441319,0.41622529709868,3186.85
1.6884,0.47078199611319,179.9610263,0.3879568790288,3148.41
1.6925,0.46507822364318,178.4543268,0.3684470526997,3116.288
1.7425,0.46515733829085,178.4752256,0.36871766456818,3121.617
1.7613,0.52978651069715,195.5475654,0.5897825780924,3451.382
1.7543,0.52756107185157,194.959697,0.58217043515337,3445.855
1.8923,0.51099403238756,190.5833741,0.52550266501903,3376.99
1.9059,0.46841706067091,179.3363087,0.37986758685954,3155.311
1.7474,0.49623490655172,186.6846268,0.47501888604266,3315.49
1.6108,0.47801778526612,181.8724209,0.41270698904121,3219.541
1.4277,0.49459389504498,186.2511398,0.46940578430252,3315.663
1.5927,0.49897242675412,187.4077658,0.48438260803209,3342.846
1.6794,0.49584555609445,186.5817766,0.47368710719807,3330.249
1.7377,0.49377624363943,186.0351503,0.4666089974339,3321.44
1.7392,0.49749240614318,187.0168059,0.4793201788867,3344.237
1.7879,0.50063390703898,187.8466598,0.49006572348956,3369.856
1.7794,0.49485249517241,186.3194512,0.47029032986519,3343.775
1.785,0.4831916579048,183.2391429,0.43040428585307,3284.648
1.7725,0.48314995830585,183.2281276,0.43026165213031,3289.047
1.7597,0.48730267627436,184.325103,0.4444660767251,3313.805
1.7203,0.48028474919415,182.4712585,0.4204611681285,3280.241
1.7133,0.47760720777361,181.7639634,0.4113026031617,3267.137
1.6286,0.47450274904423,180.9438945,0.40068376181675,3256.288
1.641,0.47999539782234,182.3948239,0.41947143788955,3291.886
1.6755,0.48402670228261,183.4597269,0.43326056607236,3318.028
1.6936,0.48348369478636,183.3162869,0.43140320230506,3318.471
1.6898,0.49082276022489,185.2549628,0.45650656920852,3363.565
1.6498,0.48402670228261,183.4597269,0.43326056607236,3329.773
1.6512,0.48865562313718,184.6824953,0.44909384942317,3360.147
1.7107,0.47744311381559,181.7206166,0.41074131769208,3303.484
1.7617,0.47531699264618,181.1589838,0.40346889281719,3294.282
1.7581,0.47929369540105,182.2094633,0.41707125584667,3322.348
1.7416,0.48444497894303,183.5702182,0.43469128653633,3358.429
1.7828,0.48352543451274,183.3273128,0.43154597332001,3356.593
1.8163,0.47842885337331,181.981008,0.4141130518995,3330.469
1.818,0.48327507186657,183.2611774,0.43068960475377,3362.242
1.6132,0.48967378149925,184.9514504,0.45257647302764,3408.089
1.7771,0.47760720777361,181.7639634,0.4113026031617,3349.716
1.7356,0.49347548131184,185.9557014,0.46558023672203,3447.344
1.7456,0.48667028302099,184.158051,0.44230296836092,3411.781
1.6615,0.49528391735382,186.433415,0.47176601524177,3466.701
1.6485,0.49407726300975,186.1146671,0.46763863758949,3462.111
1.5995,0.49317497602699,185.8763204,0.46455235432764,3462.21
1.6316,0.46519690242879,178.4856768,0.36885299427228,3304.732
1.6476,0.47074177517241,179.9504016,0.387819302894,3344.942
1.6782,0.4725564302099,180.429758,0.39402635402666,3359.295
1.6774,0.47556164318966,181.2236103,0.40430572375308,3381.111
1.6909,0.47251599954648,180.4190779,0.39388806031017,3365.83
1.6663,0.47609231907046,181.3637928,0.4061209072833,3392.082
1.6893,0.47405573848951,180.8258129,0.39915475695229,3381.552
1.7083,0.47941742153673,182.2421466,0.41749446283289,3417.432
1.6708,0.49163356384558,185.4691434,0.45927993363403,3490.735
1.6374,0.49549982643178,186.4904492,0.47250453509846,3516.082
1.6923,0.49112125913793,185.3338138,0.45752758950711,3496.754
1.6334,0.47377158097076,180.7507503,0.39818279246525,3398.21
1.7751,0.46527604471139,178.5065829,0.36912370123411,3351.128
1.7031,0.47958245886807,182.2857426,0.41805897504032,3443.532
1.6483,0.48340023047601,183.2942391,0.43111771178914,3476.633
1.6579,0.47515398894303,181.115925,0.40291133703013,3430.362
1.7842,0.4771151606072,181.633985,0.4096195494971,3447.198
1.7712,0.47613317447901,181.3745851,0.40626065310892,3444.476
1.817,0.47609231907046,181.3637928,0.4061209072833,3447.81
1.8611,0.49218940530735,185.6159736,0.46118119659835,3545.427
1.8439,0.51530526735757,191.7222231,0.54024929880604,3670.517
1.7416,0.51557928626312,191.7946075,0.54118658435517,3675.64
1.6965,0.51443890313718,191.4933657,0.53728588969433,3675.335
1.7268,0.5187915306934,192.6431489,0.5521741080163,3700.584
1.8116,0.48119572035982,182.7118992,0.42357715631515,3501.004
1.7973,0.51699835367691,192.1694661,0.54604052310913,3706.949
1.7682,0.51557928626312,191.7946075,0.54118658435517,3703.642
1.752,0.51162615156297,190.7503537,0.52766483693232,3687.535
1.6955,0.50820789893178,189.8473935,0.51597265927912,3675.601
1.6159,0.51498583971514,191.6378436,0.53915669277412,3716.56
1.619,0.5085213843066,189.9302033,0.5170449400905,3689.259
1.6781,0.50838699979385,189.8947045,0.51658527664915,3692.06
1.6489,0.51434782748501,191.4693073,0.53697436339469,3727.625
1.6461,0.476378408006,181.4393656,0.40709947744802,3524.335
1.7121,0.47029965827211,179.8336127,0.38630703686372,3489.709
1.7546,0.46618751444153,178.7473553,0.37224139546654,3476.622
1.7147,0.5132566988943,191.1810765,0.53324214428054,3753.574
1.7119,0.47596978275112,181.3314238,0.40570176957143,3550.503
1.7417,0.49308916464018,185.8536526,0.46425883480976,3668.125
1.7556,0.47888159533733,182.1006036,0.41566166154141,3588.151
1.6459,0.47748413011244,181.7314514,0.41088161396027,3585.937
1.7118,0.47983016288231,182.3511757,0.41890624994335,3605.61
1.6959,0.48086418028861,182.6243201,0.42244311923971,3615.577
1.7231,0.47592894702774,181.3206367,0.40556209024592,3592.967
1.7408,0.47760720777361,181.7639634,0.4113026031617,3606.997
1.7214,0.47793563077586,181.8507191,0.41242597780305,3613.136
1.7499,0.476378408006,181.4393656,0.40709947744802,3607.631
1.7513,0.47678752008996,181.547436,0.40849885035275,3611.908
1.7047,0.51957594143928,192.8503576,0.5548571950524,3855.947
1.7089,0.47017918056597,179.8017875,0.38589494128871,3580.16
1.7251,0.47974757531859,182.3293595,0.41862375739777,3644.319
1.6978,0.51462112371814,191.5415008,0.53790917721573,3848.065
1.6612,0.51658579517616,192.0604853,0.54462936155029,3860.194
1.6416,0.48398490236507,183.4486851,0.43311758874715,3685.893
1.7277,0.4837342080997,183.3824621,0.43226008608869,3687.855
1.7449,0.48298321025862,183.1840797,0.42969128868433,3691.603
1.7756,0.47523548133058,181.1374519,0.40319008178907,3649.14
1.7243,0.47283957924288,180.5045542,0.39499486867337,3643.913
1.6712,0.47223311891304,180.3443526,0.39292046251902,3644.846
1.653,0.4572979101012,176.3990915,0.34183439026226,3546.507
1.6892,0.46185040901049,177.6016724,0.35740627137522,3582.09
1.6318,0.46130239883433,177.4569109,0.35553179562467,3583.051
1.609,0.51135510776612,190.6787552,0.5267377280693,3896.428
1.5822,0.5096881569003,190.2384161,0.52103590054752,3895.162
1.5923,0.50887998844078,190.0249316,0.51827154988222,3896.238
1.6059,0.50932874681034,190.1434749,0.51980653381372,3902.424
1.6603,0.50292016355697,188.4505937,0.49788589275019,3876.667
1.6578,0.50076540805472,187.8813969,0.49051552440476,3867.96
1.6487,0.51149060449025,190.7145478,0.52720119548646,3933.129
1.6322,0.51031798881184,190.4047915,0.52319024901703,3929.179
1.6514,0.50758174738756,189.6819903,0.51383090030704,3926.113
1.6956,0.51076854383058,190.5238094,0.52473137787147,3948.084
1.7173,0.50700129720765,189.5286595,0.5118454630664,3933.411
1.7212,0.51004792586582,190.3334521,0.5222664955733,3953.332
1.746,0.50923895031484,190.1197544,0.51949938383541,3954.541
1.792,0.49901605019865,187.4192893,0.48453182344747,3903.578
1.7934,0.51293907168666,191.0971726,0.5321556960764,3983.209
1.7312,0.51312053855322,191.1451086,0.53277640682226,3987.876
1.7771,0.47134558784858,180.1099038,0.3898846521186,3746.365
1.751,0.4703800005922,179.8548358,0.38658184830281,3754.884
1.6976,0.47736109636432,181.698951,0.41046077533619,3805.098
1.8024,0.47818215368066,181.9158402,0.41326921277892,3817.158
1.818,0.48007804482009,182.4166558,0.41975413333874,3838.008
1.8326,0.49506814039355,186.3764157,0.4710279469687,3937.395
1.7885,0.50530996476012,189.0818798,0.50606023850659,3998.139
1.6755,0.49412028643553,186.1260321,0.46778580089738,3940.082
1.8271,0.51362004298726,191.2770569,0.53448496817089,4057.572
1.762,0.51439336228261,191.4813357,0.53713011675916,4065.69
1.7321,0.48011937607946,182.4275738,0.41989550644298,3872.707
1.7727,0.47715613753373,181.6448094,0.40975971202641,3858.366
1.7377,0.48878273095577,184.7160719,0.44952862335355,3937.042
1.6272,0.48869798711019,184.6936861,0.4492387565032,3943.063
1.6216,0.48020205260495,182.4494135,0.42017830342595,3898.026
1.6545,0.47797670574963,181.8615694,0.41256647503874,3886.939
1.7306,0.47596978275112,181.3314238,0.40570176957143,3879.362
1.725,0.47070155915292,179.9397782,0.3876817430029,3847.795
1.6993,0.47078199611319,179.9610263,0.3879568790288,3852.25
1.7228,0.46805775052099,179.2413939,0.3786385614251,3836.993
1.7286,0.46559279895802,178.5902562,0.37020716353845,3823.788
1.7464,0.46452494125187,178.3081726,0.36655454267102,3819.557
1.8217,0.47991277050975,182.3729972,0.41918881009919,3939.191
1.6758,0.47227351588456,180.3550238,0.39305864169977,3900.378
1.7856,0.47389333404798,180.7829124,0.39859924984689,3917.46
1.7785,0.47154709685532,180.1631341,0.39057391572672,3907.061
1.7958,0.47389333404798,180.7829124,0.39859924984689,3929.715
1.7953,0.47695130135682,181.5907002,0.40905906638913,3954.987
1.7494,0.48933406603073,184.8617117,0.45141447197701,4037.208
1.8391,0.46893673671289,179.4735855,0.38164514551402,3915.78
1.6944,0.47146647894303,180.1418382,0.39029816139953,3938.009
1.7008,0.51448444967016,191.5053972,0.53744168220388,4202.455
1.7445,0.50820789893178,189.8473935,0.51597265927912,4172.873
1.7678,0.50749238623688,189.6583848,0.51352523935345,4176.191
1.7367,0.47438077905172,180.9116751,0.40026656248375,3983.063
1.7036,0.48658605061094,184.1358003,0.4420148501152,4065.43
1.7621,0.48768266303223,184.4254797,0.44576582646318,4077.726
1.79,0.50177520060345,188.1481421,0.49396953267541,4164.739
1.7883,0.49945258257121,187.534603,0.48602498748842,4157.384
1.7897,0.50380341234258,188.6839113,0.5009070560349,4186.895
1.5997,0.49731869182159,186.9709178,0.47872598728538,4160.104
1.6612,0.48557684634558,183.8692105,0.43856285391455,4093.298
1.729,0.50530996476012,189.0818798,0.50606023850659,4213.525
1.6751,0.50504364085832,189.0115281,0.50514927437507,4219.501
1.5801,0.49338959648426,185.9330142,0.46528646646289,4160.741
1.6679,0.50682288608321,189.4815307,0.51123520491512,4245.415
1.6629,0.50393608803223,188.7189587,0.50136087587547,4235.026
1.6257,0.49749240614318,187.0168059,0.4793201788867,4202.689
1.6484,0.50548762406297,189.12881,0.50666792476393,4254.758
1.6579,0.50588768059595,189.2344883,0.50803632238941,4262.748
1.657,0.50411306630435,188.765709,0.50196623131442,4261.297
1.6502,0.50367078548726,188.6488768,0.50045340472308,4266.478
1.6022,0.48865562313718,184.6824953,0.44909384942317,4182.143
1.5994,0.4922749975075,185.6385835,0.46147396581559,4207.888
1.6145,0.48827457678786,184.5818387,0.44779047548291,4189.006
1.6053,0.50225915906297,188.2759838,0.49562491901643,4281.514
1.6599,0.50451158739505,188.8709817,0.5033293782541,4301.963
1.6844,0.47896397582834,182.1223651,0.41594344564201,4151.139
1.6784,0.48348369478636,183.3162869,0.43140320230506,4187.47
1.6394,0.45966371547601,177.0240389,0.34992665806553,4026.104
1.666,0.45533272493628,175.8799713,0.33511244876133,3999.449
1.6778,0.45985837783358,177.0754606,0.35059250200627,4036.019
1.6921,0.47219272648426,180.3336826,0.39278229968889,4126.434
1.6577,0.48641764673913,184.091315,0.44143882244294,4223.115
1.6891,0.46901675763493,179.4947237,0.38191885764379,4111.596
1.7155,0.46773868251124,179.1571094,0.37754718600455,4109.006
1.8912,0.48219225116942,182.9751412,0.42698580299344,4211.357
1.8327,0.48793621732384,184.4924582,0.44663311301439,4252.242
1.7064,0.4856188381934,183.880303,0.43870648751411,4243.073
1.7172,0.48524109402924,183.7805187,0.43741440867067,4242.454
1.6973,0.50116020335082,187.9856854,0.4918659258449,4345.669
1.695,0.50535437144678,189.0936102,0.50621213179592,4373.477
1.6973,0.50269969244378,188.3923544,0.49713176901416,4363.493
1.6736,0.48231701948276,183.0080998,0.42741257456269,4240.121
1.6919,0.48402670228261,183.4597269,0.43326056607236,4255.209
1.6694,0.48152757842204,182.7995623,0.42471228158737,4242.449
1.67,0.47695130135682,181.5907002,0.40905906638913,4215.438
1.6759,0.46662430461394,178.8627371,0.37373544158857,4146.219
1.6916,0.47304197218891,180.558018,0.39568715661869,4195.266
1.707,0.45671871144303,176.2460913,0.33985323314195,4077.124
1.7191,0.46813756437031,179.2624774,0.37891156574831,4165.824
1.7298,0.45849811339205,176.7161353,0.34593970128729,4097.682
1.7448,0.45733655925787,176.409301,0.34196658971142,4093.65
1.7533,0.45621755118441,176.1137056,0.33813900814451,4088.276
1.6985,0.47450274904423,180.9438945,0.40068376181675,4226.053
1.5499,0.47166805911919,180.1950873,0.39098766948517,4211.906
1.5933,0.47328500211394,180.6222164,0.39651844367608,4226.656
1.6534,0.47267775097076,180.4618059,0.39444133343098,4225.793
1.6769,0.47304197218891,180.558018,0.39568715661869,4232.185
1.548,0.47764824337706,181.7748033,0.41144296637111,4267.668
1.5482,0.47417759264243,180.8580017,0.39957156033137,4245.287
1.5854,0.47486891909295,181.0406214,0.4019362519027,4251.421
1.5597,0.47719711976012,181.6556352,0.40989989126262,4270.059
1.4361,0.47654199431409,181.4825783,0.40765902663998,4268.594
1.4639,0.47650109044978,181.4717732,0.40751911435617,4271.89
1.6348,0.4742588525937,180.8794672,0.39984951169956,4260.008
1.597,0.4703800005922,179.8548358,0.38658184830281,4233.853
1.6768,0.47001861025112,179.7593715,0.38534570735769,4238.073
1.651,0.48772490927286,184.4366394,0.44591033048828,4361.474
1.6483,0.4837342080997,183.3824621,0.43226008608869,4337.247
1.6139,0.46921689208771,179.5475909,0.38260342012905,4241.399
1.6148,0.47199083588831,180.2803515,0.39209173069616,4262.897
1.6507,0.46989823172789,179.7275725,0.38493395193585,4252.047
1.6339,0.46484099175412,178.39166,0.36763559721157,4218.148
1.6572,0.46587020257496,178.6635347,0.37115602660944,4232.707
1.6657,0.48144458428411,182.7776387,0.42442839816521,4344.641
1.6914,0.46472243827211,178.3603431,0.36723008314589,4232.995
1.7618,0.46730045418666,179.0413477,0.37604821962406,4254.04
1.5461,0.49905967932159,187.4308143,0.48468105721427,4472.053
1.5673,0.5104981432084,190.4523808,0.52380646944726,4541.353
1.6381,0.47789456072339,181.8398701,0.41228549733115,4340.174
1.6776,0.47945867367691,182.2530437,0.41763556556878,4354.272
1.7549,0.47900517345577,182.1332478,0.41608436294933,4354.894
1.7445,0.46949727838456,179.6216573,0.38356248535311,4291.329
1.7672,0.46793806476387,179.2097779,0.37822917532673,4284.844
1.8454,0.45445024425037,175.6468566,0.33209391229821,4187.205
1.7988,0.45970263908921,177.0343209,0.35005979591477,4237.97
1.7853,0.5023472225075,188.2992465,0.49592614007176,4530.792
1.7202,0.50686748053598,189.4933107,0.51138774099826,4563.11
1.7249,0.51018293197526,190.3691151,0.52272828575278,4587.912
1.8332,0.47768928428036,181.7856446,0.41158334632332,4386.134
1.7871,0.48127865506372,182.7338071,0.42386083555359,4416.859
1.7851,0.48223383568591,182.9861261,0.42712804310242,4428.326
1.7743,0.48165210748501,182.8324577,0.42513823443493,4427.537
1.7538,0.50261154230885,188.3690688,0.49683025001517,4568.092
1.6679,0.4814030944078,182.7666788,0.42428648198782,4440.73
1.6201,0.48123718525112,182.7228525,0.4237189874313,4444.325
1.6067,0.48734487633058,184.3362505,0.44461042349069,4493.138
1.6071,0.4908653872976,185.2662231,0.45665237605641,4519.655
1.6078,0.47970628872939,182.3184533,0.41848253647124,4450.398
1.6073,0.5043344118928,188.8241793,0.50272334750932,4613.567
1.6052,0.50358239496627,188.6255277,0.50015106409593,4612.313
1.6166,0.4810713555922,182.6790472,0.42315176497287,4472.431
1.6127,0.49300337407421,185.8309903,0.46396538687327,4557.003
1.6358,0.47130530028111,180.0992615,0.38974684826937,4411.735
1.6223,0.4544119286057,175.6367352,0.33196285308393,4287.052
1.6397,0.45418212710645,175.5760312,0.331176814877,4289.114
1.712,0.44920409831334,174.261043,0.31414940246826,4251.009
1.751,0.45629460381184,176.1340597,0.338402567428,4312.302
1.7885,0.44415148738006,172.9263533,0.29686688188533,4214.794
1.8586,0.44769891552849,173.8634363,0.30900090644459,4247.966
1.9277,0.44593907949025,173.3985608,0.30298136473669,4238.835
1.8624,0.44152512017616,172.2325763,0.28788335955003,4203.549
1.8148,0.45764591264243,176.4910193,0.34302473645468,4346.283
1.773,0.46829724809595,179.3046592,0.37945776711499,4437.128
1.8034,0.45494875004123,175.7785411,0.33379905767652,4338.072
1.7656,0.43888319601949,171.5346898,0.27884662390178,4201.801
1.7861,0.44612584885682,173.4478975,0.30362021099432,4270.558
1.8239,0.4430761936057,172.6423054,0.2931888267932,4246.9
1.8799,0.45219715040855,175.0516829,0.32438717587093,4328.909
1.8467,0.45101942946027,174.740578,0.32035876671462,4322.986
1.8436,0.45695027022114,176.3072595,0.34064528344001,4374.05
1.8197,0.44882715745502,174.1614709,0.31286007209012,4315.5
1.8223,0.45491037685532,175.7684045,0.333667801881,4371.371
1.8255,0.45830424071214,176.6649222,0.34527655650273,4406.606
1.7965,0.46279193835457,177.8503853,0.36062678340279,4444.416
1.817,0.45491037685532,175.7684045,0.333667801881,4386.04
1.8803,0.45514068221889,175.8292416,0.33445556380573,4389.976
1.859,0.45540957314093,175.9002714,0.33537530888842,4397.881
1.7631,0.45334088001124,175.3538087,0.32829931751432,4393.529
1.8364,0.45147482437781,174.8608744,0.32191645115661,4381.44
1.8104,0.45772329537481,176.5114606,0.34328942633524,4437.341
1.6622,0.50054626682534,187.8235089,0.48976594860469,4756.499
1.7063,0.50646632958396,189.3873433,0.5100155986533,4799.259
1.7596,0.50393608803223,188.7189587,0.50136087587547,4788.045
1.7496,0.4783054811919,181.9484182,0.41369105678055,4624.592
1.6867,0.47596978275112,181.3314238,0.40570176957143,4613.927
1.705,0.47328500211394,180.6222164,0.39651844367608,4599.588
1.6956,0.4734471180922,180.6650407,0.39707296353524,4606.143
1.6989,0.47369043648051,180.7293153,0.3979052365228,4613.575
1.6826,0.46929697887931,179.5687465,0.38287735804733,4582.222
1.6428,0.46861684192654,179.3890826,0.38055094136462,4582.171
1.665,0.44470906302849,173.0736416,0.29877407730938,4389.879
1.7047,0.44713624142429,173.7148012,0.30707627239801,4415.618
1.7414,0.4462753405922,173.487387,0.30413154980775,4411.848
1.7645,0.45425870994003,175.5962612,0.33143876723409,4484.294
1.7939,0.44378029685907,172.8283002,0.29559722063891,4396.131
1.7928,0.44811215581709,173.9725972,0.31041439928627,4438.751
1.8002,0.448337778006,174.0321972,0.31118614375067,4444.515
1.8056,0.44359485964768,172.7793154,0.29496292980705,4408.086
1.8759,0.43514078411544,170.5461002,0.26604565621101,4336.484
1.7654,0.45391422649925,175.505263,0.33026045675238,4513.303
1.6988,0.48003671886057,182.4057392,0.41961277715528,4725.809
1.6889,0.476378408006,181.4393656,0.40709947744802,4702.78
1.6686,0.47482821435157,181.0298689,0.40179702021391,4702.806
1.7404,0.46188958701649,177.6120216,0.35754027953114,4607.724
1.8182,0.46401198958396,178.1726721,0.36479998552747,4631.307
1.7881,0.4813201297976,182.744763,0.42400270068506,4770.259
1.7958,0.48431944290855,183.5370568,0.43426188947867,4800.611
1.7974,0.4599752293066,177.1063279,0.35099219407965,4618.712
1.8205,0.45783940373313,176.5421316,0.34368657613866,4605.156
1.8192,0.45978049918666,177.0548883,0.35032611801622,4625.03
1.8024,0.46087244584708,177.3433352,0.35406113556955,4642.612
1.7589,0.46853691526612,179.3679693,0.38027755130592,4704.879
1.7833,0.4623993141042,177.7466703,0.35928380785129,4661.053
1.8302,0.47560243537856,181.2343859,0.40444525362679,4772.967
1.8163,0.45185479977886,174.9612481,0.32321616078491,4586.616
1.7676,0.4313341437069,169.5405441,0.25302499457217,4399.965
1.7752,0.44329837846327,172.7009974,0.29394881201132,4516.622
1.8477,0.48789394571964,184.4812918,0.44648852151183,4877.178
1.8312,0.48738708168666,184.3473994,0.44475478771687,4877.683
1.7176,0.50371498888681,188.6605535,0.5006046031074,4996.544
1.6877,0.46040403336207,177.2196001,0.35245892463086,4684.87
1.6681,0.4734471180922,180.6650407,0.39707296353524,4790.668
1.6401,0.49645139823463,186.7418149,0.47575939779929,4959.272
1.6744,0.49788357482759,187.1201364,0.4806581769738,4973.165
1.7262,0.50225915906297,188.2759838,0.49562491901643,5005.576
1.7114,0.49519759074588,186.4106111,0.47147073376571,4962.965
1.69,0.4982751762069,187.2235812,0.48199765441996,4989.174
1.6437,0.47764824337706,181.7748033,0.41144296637111,4847.894
1.6248,0.44912867538981,174.2411194,0.31389141846383,4620.428
1.6744,0.49450773689655,186.2283804,0.46911107990018,4980.209
1.6989,0.4513988816904,174.8408135,0.32165668816189,4651.461
1.7399,0.42870317623313,168.8455519,0.24402573582915,4443.923
1.7594,0.49009889004498,185.0637464,0.45403056177404,4965.113
1.8392,0.43895629344453,171.5539991,0.27909665534392,4553.723
1.8245,0.4381166628036,171.3322036,0.27622468794673,4548.209
1.7869,0.44526758962144,173.2211811,0.30068452437372,4619.328
1.7407,0.44608848642804,173.4380279,0.30349241266136,4638.335
1.7546,0.44148827940405,172.2228445,0.28775734581674,4599.216
1.7248,0.49788357482759,187.1201364,0.4806581769738,5056.534
1.7402,0.49997713068966,187.6731668,0.4878192114991,5075.887
1.7343,0.4946369816904,186.2625215,0.46955316351767,5045.388
1.7719,0.4943354841979,186.1828784,0.46852188711484,5053.048
1.8305,0.49356138733883,185.9783942,0.46587407868054,5052.224
1.7874,0.50181916967391,188.1597569,0.49411992944218,5113.479
1.8094,0.49373326185532,186.0237963,0.46646197780071,5065.418
1.7936,0.49347548131184,185.9557014,0.46558023672203,5067
1.7956,0.49485249517241,186.3194512,0.47029032986519,5083.506
1.8,0.49493873736132,186.3422328,0.47058532259273,5086.697
1.8214,0.50767113087331,189.7056017,0.51413663735722,5176.995
1.8117,0.50482185576087,188.9529417,0.50439065526693,5162.016
1.8388,0.4974055381934,186.993859,0.47902304663257,5120.521
1.7377,0.50655543520615,189.4108813,0.51032038653435,5189.47
1.8687,0.49201828336957,185.5707703,0.4605958720592,5098.775
1.8815,0.50327320057721,188.5438514,0.4990934610219,5179.917
1.8967,0.50181916967391,188.1597569,0.49411992944218,5176.064
1.8121,0.49684141723013,186.8448417,0.47709346288916,5148.211
1.7981,0.50050245485757,187.8119356,0.48961608886959,5179.05
1.7885,0.49675470903298,186.821937,0.47679687678371,5157.378
1.8025,0.48730267627436,184.325103,0.4444660767251,5098.8
1.7478,0.49321788967016,185.8876564,0.46469914093779,5146.201
1.7271,0.43438305584333,170.3459399,0.26345383704603,4654.119
1.6288,0.47495034371814,181.0621304,0.40221476490546,5029.439
1.616,0.47789456072339,181.8398701,0.41228549733115,5059.389
1.6654,0.45494875004123,175.7785411,0.33379905767652,4874.915
1.7299,0.45418212710645,175.5760312,0.331176814877,4873.736
1.7463,0.45158877115442,174.8909744,0.32230620743561,4857.372
1.7786,0.43366306174663,170.1557474,0.26099108761338,4690.047
1.7439,0.45698887887181,176.3174583,0.34077734527698,4917.946
1.8044,0.43961491376312,171.7279792,0.28134947399611,4760.271
1.7953,0.42187242736507,167.0411521,0.22066107213173,4578.95
1.8307,0.4407523407084,172.0284401,0.28524005826947,4781.856
1.5388,0.46460392605322,178.3290371,0.36682471143243,5006.044
1.822,0.47949993035982,182.263942,0.41777668517997,5140.08
1.7914,0.45610200574588,176.0831833,0.33774378341306,4952.071
1.8438,0.45215909407796,175.04163,0.32425700330629,4921.969
1.8236,0.4506404121964,174.6404574,0.3190623326007,4918.472
1.83,0.45158877115442,174.8909744,0.32230620743561,4931.49
1.8125,0.45376123724138,175.4648496,0.32973715512344,4956.951
1.8007,0.45033751062219,174.5604434,0.31802625447234,4930.374
1.8324,0.4550638960982,175.8089579,0.33419291591323,4979.259
1.8223,0.45664156076837,176.2257113,0.33958933849285,5000.651
1.7837,0.470259494494,179.8230031,0.38616965546376,5126.672
1.804,0.46738008973388,179.0623841,0.37632061486692,5108.21
1.7908,0.42672646730135,168.3233876,0.23726437775671,4725.631
1.7667,0.43557457154423,170.6606888,0.26752943225704,4822.888
1.7064,0.47078199611319,179.9610263,0.3879568790288,5153.946
1.6889,0.48011937607946,182.4275738,0.41989550644298,5234.618
1.6692,0.43917568528111,171.6119533,0.27984708753163,4876.766
1.6543,0.4384449552024,171.4189248,0.27734761643345,4880.107
1.6716,0.46571165831709,178.6216539,0.3706137238155,5140.332
1.6482,0.46929697887931,179.5687465,0.38287735804733,5175.73
1.621,0.46017007223763,177.1577973,0.35165865728407,5105.53
1.7061,0.45811048008621,176.6137387,0.34461379597173,5101.168
1.7313,0.45529430745877,175.869823,0.33498104144836,5081.316
1.7751,0.45234942002249,175.0919062,0.32490801568439,5065.652
1.789,0.45749120017616,176.4501507,0.34249554056982,5117.061
1.7954,0.45884736821214,176.8083939,0.34713433128568,5133.725
1.7615,0.46017007223763,177.1577973,0.35165865728407,5149.687
1.7629,0.4633423822976,177.9957897,0.36250958430561,5179.037
1.7798,0.45780069665667,176.5319068,0.34355417753629,5135.895
1.7683,0.45710473208021,176.3480619,0.34117362247628,5137.09
1.7877,0.45345546996252,175.3840786,0.3286912745331,5112.586
1.7842,0.46905677491005,179.5052946,0.3820557378882,5252.779
1.7771,0.4581879707084,176.6342085,0.34487885409508,5164.459
1.8137,0.43881011487256,171.5153848,0.27859664873818,5002.3
1.7877,0.45056466068216,174.620447,0.31880322403297,5119.866
1.7983,0.45318815461019,175.313465,0.32777691857038,5150.35
1.7663,0.45799427746627,176.5830428,0.34421632395592,5198.783
1.8201,0.45246366775487,175.1220857,0.32529880264929,5153.761
1.829,0.46670378154423,178.8837316,0.3740072935909,5284.503
1.8606,0.44977031801724,174.4106147,0.31608616468053,5136.372
1.7791,0.45548643913793,175.9205762,0.33563822970121,5199.668
1.7228,0.4609115099063,177.3536543,0.35419475414443,5252.798
1.7664,0.46306704789355,177.9230578,0.36156779918295,5278.036
1.6927,0.49914695346702,187.4538685,0.48497957981569,5569.27
1.694,0.48127865506372,182.7338071,0.42386083555359,5439.498
1.7497,0.44215204776987,172.3981845,0.29002777402297,5095.813
1.7817,0.48482185885307,183.6697742,0.43598040921242,5476.913
1.6914,0.48302488979385,183.1950897,0.42983385383525,5470.091
1.6551,0.48385953251874,183.4155676,0.43268876001667,5482.392
1.649,0.4922749975075,185.6385835,0.46147396581559,5553.132
1.757,0.4434095272976,172.7303583,0.29432899842824,5180.648
1.7323,0.48963129903673,184.9402283,0.452431161204,5584.917
1.7617,0.49159084326837,185.4578584,0.4591338072193,5603.207
1.8683,0.50142364337706,188.0552753,0.49276702664136,5681.735
1.5718,0.50731373056222,189.6111914,0.5129141456224,5730.506
1.7552,0.50437869744003,188.8358777,0.50287482703598,5717.155
1.7836,0.49653803185532,186.7646999,0.47605572955053,5666.909
1.7648,0.48764042171289,184.4143213,0.44562133992405,5610.665
1.8145,0.49052451494753,185.1761788,0.45548641733545,5640.365
1.805,0.48553485941904,183.8581193,0.43841923764322,5615.392
1.7576,0.49485249517241,186.3194512,0.47029032986519,5692.756
1.7747,0.49524075158921,186.4220124,0.47161836547373,5701.115
1.7705,0.48717610563343,184.2916683,0.44403314116024,5644.671
1.7187,0.49472317125937,186.2852892,0.4698479759924,5707.776
1.6546,0.49446466577211,186.2170028,0.46896375470637,5721.603
1.6507,0.49666802241379,186.799038,0.4765003633843,5747.263
1.6981,0.49078013807346,185.2437038,0.45636078008359,5713.202
1.6926,0.49394822301724,186.0805801,0.46719725547779,5742.22
1.6572,0.48823226392054,184.5706614,0.44764574385109,5713.408
1.6888,0.4742588525937,180.8794672,0.39984951169956,5610.083
1.7456,0.49962734588456,187.5807682,0.48662276770377,5816.977
1.7717,0.49558622723763,186.5132727,0.4728000695774,5792.607
1.8555,0.49304626651799,185.8423207,0.46411210189548,5783.415
1.782,0.48465430598576,183.6255137,0.43540729321711,5737.117
1.7615,0.49849291979011,187.2811,0.48274244868931,5851.736
1.7469,0.49723186664918,186.9479822,0.4784290008183,5850.939
1.8013,0.50802888703148,189.800106,0.51536034709241,5937.444
1.7909,0.49601854774363,186.6274738,0.47427882769758,5866.251
1.8288,0.49593204131934,186.6046224,0.47398293122152,5873.398
1.8288,0.49248906943028,185.6951324,0.4622062009984,5854.647
1.8076,0.49343253662669,185.9443572,0.46543334263168,5868.488
1.824,0.47021933525862,179.8123947,0.38603229027305,5683.467
1.7619,0.45425870994003,175.5962612,0.33143876723409,5547.094
1.7402,0.46267410300225,177.8192581,0.36022372620501,5633.079
1.6282,0.45861449128561,176.7468775,0.34633777273877,5609.058
1.6451,0.46523647110945,178.4961292,0.36898833982666,5675.054
1.6778,0.45364654167166,175.4345518,0.32934483703076,5571.233
1.7084,0.45433531056597,175.6164959,0.33170077996277,5584.194
1.7678,0.44586440157421,173.378834,0.3027259279839,5511.345
1.7619,0.44467186186657,173.0638146,0.29864682987753,5504.987
1.8287,0.43366306174663,170.1557474,0.26099108761338,5393.597
1.8245,0.45261606002249,175.1623414,0.32582006154129,5596.786
1.8213,0.49317497602699,185.8763204,0.46455235432764,5960.919
1.8502,0.46630658314468,178.7788083,0.37264867139259,5747.674
1.8372,0.48992878454273,185.0188116,0.45344871443786,5958.481
1.8389,0.49528391735382,186.433415,0.47176601524177,6012.134
1.7856,0.48776716081334,184.4478005,0.44605485200252,5974.492
1.7789,0.47781243538231,181.818176,0.41200458666667,5898.788
1.7404,0.49953995362819,187.5576828,0.48632384081188,6085.834
1.6565,0.50129189894678,188.0204739,0.49231639286449,6115.129
1.7483,0.49675470903298,186.821937,0.47679687678371,6090.507
1.7577,0.49640808937406,186.7303745,0.47561125915504,6101.388
1.7825,0.49347548131184,185.9557014,0.46558023672203,6088.5
1.74,0.49623490655172,186.6846268,0.47501888604266,6119.761
1.6827,0.49593204131934,186.6046224,0.47398293122152,6128.399
1.6639,0.4971884623913,186.9365166,0.47828053490643,6146.411
1.6344,0.44605112854198,173.4281595,0.30336462887161,5701.145
1.6371,0.44001806162294,171.8344741,0.28272844732057,5642.674
1.6506,0.43409486513868,170.2698119,0.26246807690778,5586.74
1.7319,0.44152512017616,172.2325763,0.28788335955003,5681.137
1.8151,0.43972481372564,171.7570102,0.28172538808937,5669.789
1.7936,0.44056861572714,171.9799076,0.28461162410184,5694.734
1.8316,0.43629884791979,170.8520125,0.2700068281366,5652.604
1.8155,0.49558622723763,186.5132727,0.4728000695774,6215.919
1.8207,0.43826252944153,171.3707355,0.27672362697299,5684.126
1.7939,0.44946821331334,174.3308112,0.31505281127994,5813.762
1.6791,0.45399074762744,175.5254767,0.33052219797311,5882.446
1.6992,0.45018616393928,174.5204639,0.31750857134683,5852.329
1.7153,0.44112010222639,172.1255874,0.28649799126618,5761.479
1.7966,0.45768460192654,176.5012394,0.34315707373123,5945.066
1.8377,0.44526758962144,173.2211811,0.30068452437372,5823.232
1.8467,0.42633962102324,168.2211989,0.23594116495409,5616.27
1.8187,0.4367341935045,170.9670127,0.27149593371464,5744.174
1.7459,0.44612584885682,173.4478975,0.30362021099432,5851.501
1.7309,0.45273040012369,175.1925453,0.32621116300477,5927.544
1.7003,0.44732369257871,173.764318,0.30771745134012,5876.316
1.7056,0.44467186186657,173.0638146,0.29864682987753,5851.417
1.6729,0.45026182876312,174.5404514,0.31776738326502,5915.446
1.6655,0.45215909407796,175.04163,0.32425700330629,5940.573
1.5498,0.44954371346327,174.3507552,0.31531106096574,5920.347
1.5916,0.44713624142429,173.7148012,0.30707627239801,5900.411
1.6338,0.44163566672039,172.2617781,0.28826148621193,5848.444
1.6224,0.44056861572714,171.9799076,0.28461162410184,5840.088
1.6879,0.43229949247001,169.7955491,0.25632698234699,5752.164
1.7422,0.43215629468516,169.7577222,0.25583717233871,5755.412
1.7826,0.42416796922039,167.6475388,0.2285130020835,5668.794
1.7376,0.43855445994753,171.4478514,0.27772217858477,5852.639
1.7153,0.43521304151424,170.5651876,0.26629281383255,5824.734
1.7291,0.43961491376312,171.7279792,0.28134947399611,5883.766
1.785,0.43851795420165,171.4382081,0.27759731048921,5878.842
1.7443,0.44664936842579,173.5861896,0.30541091608266,5975.025
1.7115,0.4434836475937,172.7499378,0.29458252786496,5945.766
1.6678,0.44593907949025,173.3985608,0.30298136473669,5980.342
1.6558,0.44467186186657,173.0638146,0.29864682987753,5974.093
1.6967,0.44564047003748,173.3196806,0.30195996632566,6001.504
1.6882,0.44067883822339,172.0090238,0.2849886420448,5954.642
1.7571,0.43983475078711,171.786051,0.28210142930231,5954.345
1.7593,0.45181678244003,174.9512055,0.32308612268061,6090.057
1.7306,0.44973253992879,174.4006353,0.31595694376979,6101.092
1.639,0.46040403336207,177.2196001,0.35245892463086,6226.176
1.59,0.45479528417541,175.7380018,0.33327412530798,6179.457
1.613,0.45189282128186,174.9712918,0.32334621381896,6156.336
1.6778,0.45067829438906,174.6504643,0.31919190915496,6160.641
1.7152,0.43090603014618,169.4274543,0.25156062590944,5962.151
1.6683,0.49407726300975,186.1146671,0.46763863758949,6575.933
1.6368,0.48490566538231,183.6919124,0.43626707082894,6507.577
1.6517,0.46897674490255,179.484154,0.38178199352002,6372.266
1.624,0.4304428841979,169.3051104,0.24997642949013,5980.501
1.6853,0.48997130334708,185.0300433,0.45359414978095,6573.853
1.6839,0.4943354841979,186.1828784,0.46852188711484,6615.451
1.6431,0.49697151908546,186.8792092,0.47753847842966,6644.357
1.705,0.4943354841979,186.1828784,0.46852188711484,6636.019
1.6741,0.49338959648426,185.9330142,0.46528646646289,6635.07
1.67,0.44363193853448,172.7891101,0.2950897592074,6178.418
1.5893,0.49424938926912,186.1601357,0.46822739867907,6657.45
1.6016,0.45884736821214,176.8083939,0.34713433128568,6358.155
1.6468,0.45502550966267,175.7988178,0.33406161469001,6326.403
1.7153,0.45143685095202,174.8508434,0.3217865622085,6299.157
1.6296,0.44355778454648,172.7695217,0.29483611478483,6225.198
1.6872,0.44841301997751,174.052073,0.31144350942405,6283.341
1.7337,0.44545397664168,173.2704168,0.30132206408627,6257.648
1.7425,0.44352071398801,172.7597292,0.29470931413827,6245.87
1.7352,0.44141461073088,172.2033843,0.28750536106667,6228.39
1.7381,0.44056861572714,171.9799076,0.28461162410184,6227.286
1.7474,0.43395086631934,170.2317734,0.26197552716878,6156.762
1.7253,0.45151280234633,174.8709066,0.32204635500878,6364.117
1.7134,0.44927953789355,174.280971,0.31440744547756,6345.678
1.7093,0.4423736045952,172.4567106,0.2907856111169,6281.691
1.6976,0.44601377444153,173.4182921,0.30323685962256,6327.127
1.6953,0.44196753235382,172.3494432,0.2893966359211,6287.714
1.7214,0.43204893827211,169.7293631,0.25546995802788,6180.804
1.7585,0.4293056771964,169.0047076,0.246086599055,6155.325
1.7832,0.42294856457271,167.3254228,0.22434201370494,6081.827
1.7556,0.41423763937781,165.0243586,0.19454618125626,5980.312
1.7475,0.42055826934783,166.6940062,0.21616597707848,6063.187
1.7129,0.42987377607571,169.1547757,0.24802978728197,6183.062
1.7861,0.4145760560045,165.1137542,0.19570374023435,5998.754
1.7944,0.4356107468066,170.6702448,0.26765317026727,6262.666
1.8718,0.42788983133433,168.6307,0.24124367946139,6175.671
1.839,0.42399348112069,167.6014463,0.22791616366537,6132.886
1.9187,0.42128383850825,166.8856714,0.21864779634354,6105.408
1.8695,0.4247269762069,167.7952052,0.23042509297864,6157.856
1.8554,0.4194214499925,166.3937058,0.21227747226956,6100.638
1.8347,0.41880309149925,166.2303612,0.21016236903209,6097.078
1.8394,0.41352815526237,164.8369424,0.19211938274104,6042.537
1.874,0.4130897580997,164.7211361,0.1906198392923,6042.383
1.8561,0.41494873805472,165.2122013,0.1969785044903,6071.45
1.8366,0.41120829845202,164.2241327,0.18418428208488,6025.446
1.7781,0.41208041944528,164.4545108,0.18716738294461,6041.876
1.7665,0.42336611818216,167.4357231,0.22577026005037,6192.053
1.7678,0.43669789218141,170.9574234,0.27137176502173,6357.999
1.8012,0.43658901319715,170.9286621,0.27099934250199,6364.673
1.7596,0.44126732335457,172.1644771,0.28700156236505,6425.605
1.7346,0.43467150434783,170.422136,0.26444047904966,6356.291
1.6806,0.43662530202774,170.9382481,0.27112346941774,6385.24
1.6796,0.4294830998988,169.0515753,0.24669347489842,6307.77
1.6692,0.43083473315592,169.4086206,0.25131675437562,6329.085
1.6857,0.42490186785232,167.8414043,0.23102331235785,6261.557
1.7452,0.43140555161544,169.5594071,0.25326924609497,6345.561
1.8547,0.4136969339093,164.8815267,0.19269669180603,6127.506
1.8509,0.42507685603073,167.8876289,0.23162186124374,6291.423
1.8324,0.42994485917916,169.1735529,0.24827292847969,6357.727
1.8816,0.42221916854198,167.1327467,0.22184710534138,6268.281
1.8639,0.42528696896552,167.943132,0.23234055523907,6314.038
1.7814,0.43950505089955,171.698958,0.28097368695809,6500.458
1.737,0.43987140455022,171.7957334,0.28222680463325,6513.727
1.7147,0.45196887715892,174.9913826,0.32360636468658,6655.131
1.7069,0.45223521128186,175.061737,0.32451736338849,6667.939
1.7071,0.43687943892429,171.0053805,0.27199274781384,6505.653
1.696,0.4343470179985,170.3364202,0.26333056882599,6480.169
1.6861,0.43165560459895,169.6254607,0.25412455460233,6455.604
1.7147,0.43727920055847,171.1109809,0.2733601370712,6527.139
1.7365,0.4311556935907,169.493405,0.25241460345643,6461.267
1.7712,0.42990931573463,169.1641638,0.24815135113365,6452.979
1.7663,0.42609369056597,168.1562343,0.2350999566345,6412.943
1.7722,0.42553227631184,168.007932,0.23317963239334,6414.878
1.8267,0.4169552787069,165.7422459,0.20384190229406,6308.655
1.852,0.41835725372564,166.1125894,0.208637375256,6333.422
1.8777,0.43702474983508,171.0437656,0.27248978494967,6571.333
1.859,0.43987140455022,171.7957334,0.28222680463325,6611.538
1.7929,0.43090603014618,169.4274543,0.25156062590944,6522.999
1.7989,0.42753684844828,168.5374566,0.24003629689475,6486.237
1.8022,0.42686725516867,168.3605779,0.23774594471872,6482.809
1.8098,0.42462208725262,167.7674979,0.23006631940115,6463.826
1.7827,0.42743102974888,168.5095037,0.23967434245161,6508.121
1.7316,0.42771329105697,168.5840654,0.24063982122805,6521.81
1.7054,0.4311556935907,169.493405,0.25241460345643,6572.013
1.7558,0.43190585216267,169.6915657,0.25498052975701,6588.705
1.8274,0.41278661311094,164.6410578,0.18958292751223,6349.231
1.8237,0.40977129445277,163.844536,0.17926899127701,6312.141
1.8137,0.41804896674663,166.0311528,0.20758287554971,6432.121
1.7876,0.42315727266867,167.3805548,0.22505590158172,6504.499
1.7598,0.42831392685157,168.7427284,0.24269430319284,6576.385
1.7023,0.43855445994753,171.4478514,0.27772217858477,6705.559
1.6383,0.43351925561469,170.1177598,0.26049919750233,6652.934
1.6781,0.44126732335457,172.1644771,0.28700156236505,6755.314
1.7108,0.442188963497,172.4079361,0.2901540444832,6769.109
1.6745,0.44344658536357,172.7401475,0.29445575596242,6789.991
1.636,0.44049515488381,171.9605023,0.28436034970789,6764.437
1.6576,0.44754877494003,173.8237754,0.30848734873743,6853.745
1.638,0.44374320093703,172.818501,0.29547033370162,6815.885
1.6532,0.43344737677661,170.0987724,0.26025333479908,6702.966
1.6441,0.42066181971139,166.7213599,0.21652017361104,6552.355
1.6497,0.43348331430285,170.1082656,0.26037625928993,6719.742
1.671,0.43717012585832,171.0821679,0.27298704527236,6772.26
1.6671,0.42225386363193,167.1419117,0.22196578020416,6596.134
1.8474,0.42693767238381,168.3791792,0.23798680800864,6668.416
1.7709,0.42159530766867,166.9679486,0.21971318113663,6607.545
1.7941,0.42322687257121,167.3989402,0.22529396876031,6636.954
1.8531,0.42347059223388,167.4633208,0.22612761590209,6645.636
1.8454,0.42308768790855,167.3621734,0.22481788669111,6649.382
1.7832,0.41784360967016,165.976906,0.20688044996666,6586.281
1.7559,0.41739913017241,165.859493,0.20536010138694,6584.804
1.7737,0.41218120593703,164.4811344,0.18751212555029,6522.386
1.8085,0.41100738643553,164.1710601,0.18349706072076,6514.074
1.7853,0.42173383742129,167.0045424,0.22018702276141,6668.562
1.7815,0.43837197285982,171.3996459,0.27709797854234,6882.563
1.6932,0.4265154019078,168.2676329,0.23654242609389,6745.911
1.683,0.43826252944153,171.3707355,0.27672362697299,6894.983
1.6354,0.44407721528111,172.9067337,0.29661283439563,6972.957
1.609,0.42683205242879,168.3512788,0.2376255330293,6770.613
1.6189,0.43826252944153,171.3707355,0.27672362697299,6923.152
1.6138,0.43359115073088,170.1367515,0.26074511510097,6874.583
1.6372,0.43859096985757,171.4574958,0.2778470607286,6946.582
1.6628,0.4429281544078,172.6031996,0.2926824568925,7007.614
1.8126,0.42799580221514,168.6586931,0.24160615478871,6832.116
1.6456,0.44642490046852,173.5268945,0.30464312151105,7061.576
1.6524,0.42810180868066,168.6866956,0.24196875047974,6852.212
1.6728,0.45303549962144,175.2731399,0.32725475994798,7164.905
1.6444,0.44882715745502,174.1614709,0.31286007209012,7124.624
1.6414,0.44867650164543,174.1216739,0.31234475240674,7130.591
1.6238,0.44560316287856,173.3098256,0.3018323568608,7103.048
1.6063,0.44137778282984,172.1936559,0.28737939004507,7059.526
1.6,0.43957828877061,171.7183044,0.28122419753604,7047.367
1.603,0.43972481372564,171.7570102,0.28172538808937,7051.669
1.6056,0.43789798568966,171.2744382,0.27547669995609,7032.994
1.6268,0.42042025443778,166.6575484,0.21569389579041,6817.269
1.6448,0.41532186491379,165.3107659,0.19825478977964,6755.375
1.7049,0.42128383850825,166.8856714,0.21864779634354,6844.943
1.6818,0.4294830998988,169.0515753,0.24669347489842,6958.182
1.7221,0.42718425547976,168.4443162,0.23883024882114,6935.036
1.8061,0.40850690164918,163.510536,0.17494412061684,6685.306
1.8263,0.39983074271364,161.2186556,0.14526720691616,6559.956
1.8219,0.40893887652924,163.6246458,0.17642169596406,6712.953
1.8749,0.3990569733096,161.0142579,0.14262051924678,6588.358
1.8426,0.40307603928036,162.075928,0.15636778598254,6656.059
1.8147,0.40638901114693,162.9510774,0.16769984817486,6712.632
1.8133,0.41060595232009,164.0650179,0.18212394967348,6779.104
1.8106,0.42000657199025,166.5482707,0.21427889010454,6916.214
1.7578,0.42746629873688,168.5188203,0.23979498059142,7023.119
1.737,0.4272547431072,168.4629361,0.23907135178263,7030.434
1.701,0.42813715186657,168.6960318,0.24208964246794,7052.76
1.6787,0.42987377607571,169.1547757,0.24802978728197,7090.681
1.64,0.4374974604985,171.1686361,0.27410669780441,7196.593
1.6108,0.43593650701274,170.7562971,0.2687674362484,7184.025
1.6414,0.43366306174663,170.1557474,0.26099108761338,7166.946
1.6612,0.41949023144678,166.411875,0.21251274035917,6989.199
1.6789,0.42796047492879,168.6493611,0.24148531630882,7109.005
1.6861,0.43965154291979,171.7376551,0.28147476457343,7259.726
1.6495,0.42873858604573,168.8549057,0.24414685562462,7133.046
1.6633,0.4330882225937,170.0038988,0.25902484407059,7196.751
1.6611,0.4469114410907,173.6554183,0.30630733986677,7369.316
1.6992,0.43946843839955,171.6892865,0.28084845283545,7288.986
1.7118,0.44396583931034,172.8773128,0.29623187122961,7348.958
1.719,0.43226368706147,169.7860908,0.2562045093816,7217.9
1.6522,0.42711378375187,168.4257005,0.2385891991509,7157.534
1.6038,0.42595324416042,168.1191342,0.2346195578151,7149.251
1.6055,0.4384449552024,171.4189248,0.27734761643345,7323.228
1.6001,0.42849079950525,168.7894508,0.24329929876143,7209.499
1.5955,0.43208471983133,169.7388151,0.25559234916506,7261.261
1.5878,0.43438305584333,170.3459399,0.26345383704603,7299.86
1.603,0.42619906597076,168.1840701,0.23546039491441,7198.631
1.6029,0.4232616782009,167.4081344,0.22541302196298,7168.605
1.6542,0.41410237508996,164.9886274,0.19408350855439,7049.39
1.8295,0.41204683088831,164.4456381,0.18705249354212,7030.506
1.8546,0.42042025443778,166.6575484,0.21569389579041,7155.518
1.8687,0.42131843100825,166.8948093,0.21876612057771,7174.853
1.8502,0.39722711110945,160.5308844,0.13636145209249,6828.277
1.8038,0.4114428595952,164.286094,0.18498660213128,7048.257
1.813,0.41528792618816,165.3018007,0.19813870092004,7109.175
1.7843,0.42218447761619,167.1235828,0.22172844349263,7212.565
1.7496,0.42357510111319,167.4909277,0.22648508957637,7236.566
1.7299,0.4231224783958,167.3713636,0.22493688760149,7240.62
1.7103,0.42239268184783,167.1785817,0.22244060983833,7241.871
1.7073,0.43065656052474,169.3615548,0.25070731267793,7356.37
1.6346,0.43870052381559,171.4864354,0.27822179147346,7467.212
1.633,0.44152512017616,172.2325763,0.28788335955003,7505.996
1.6088,0.44086262566717,172.0575728,0.28561728904857,7506.494
1.6443,0.43998139120315,171.8247873,0.28260301543943,7504.035
1.6235,0.43369902312219,170.1652469,0.261114094468,7438.419
1.6108,0.43990806285607,171.805417,0.28235219409816,7529.348
1.6147,0.43990806285607,171.805417,0.28235219409816,7532.365
1.6182,0.43990806285607,171.805417,0.28235219409816,7536.069
